DASYLab - V 9.00.01
Schaltbildname : Rohdatenaufnahme_Kistler
Aufgenommen am : 16.12.2016, 11:32:04
Blocklaenge    : 32
Delta          : 0.01 sec.
Kanalzahl      : 8
Meﬂzeit[s]	0 [V]	1 [V]	2 [V]	3 [V]	4 [v]	5 [V]	6 [V]	7 [V]	
0.00	0.078125	-0.056152	0.122375	-0.083008	0.060425	-0.067139	0.050964	-0.041199	
0.01	-10.000000	-10.000000	-10.000000	-10.000000	-10.000000	-10.000000	-10.000000	-10.000000	
0.02	-10.000000	-10.000000	-10.000000	-10.000000	-10.000000	-10.000000	-10.000000	-10.000000	
0.03	-10.000000	-10.000000	-10.000000	-10.000000	-10.000000	-10.000000	-10.000000	-10.000000	
0.04	-10.000000	-10.000000	-10.000000	-10.000000	-10.000000	-10.000000	-10.000000	-10.000000	
0.05	-10.000000	-10.000000	-10.000000	-10.000000	-10.000000	-10.000000	-10.000000	-10.000000	
0.06	-10.000000	-10.000000	-10.000000	-10.000000	-10.000000	-10.000000	-10.000000	-10.000000	
0.07	-10.000000	-10.000000	-10.000000	-10.000000	-10.000000	-10.000000	-10.000000	-10.000000	
0.08	-10.000000	-10.000000	-10.000000	-10.000000	-10.000000	-10.000000	-10.000000	-10.000000	
0.09	-10.000000	-10.000000	-10.000000	-10.000000	-10.000000	-10.000000	-10.000000	-10.000000	
0.10	-10.000000	-10.000000	-10.000000	-10.000000	-10.000000	-10.000000	-10.000000	-10.000000	
0.11	-10.000000	-10.000000	-10.000000	-10.000000	-10.000000	-10.000000	-10.000000	-10.000000	
0.12	-10.000000	-10.000000	-10.000000	-10.000000	-10.000000	-10.000000	-10.000000	-10.000000	
0.13	-10.000000	-10.000000	-10.000000	-10.000000	-10.000000	-10.000000	-10.000000	-10.000000	
0.14	-10.000000	-10.000000	-10.000000	-10.000000	-10.000000	-10.000000	-10.000000	-10.000000	
0.15	-10.000000	-10.000000	-10.000000	-10.000000	-10.000000	-10.000000	-10.000000	-10.000000	
0.16	-10.000000	-10.000000	-10.000000	-10.000000	-10.000000	-10.000000	-10.000000	-10.000000	
0.17	-10.000000	-10.000000	-10.000000	-10.000000	-10.000000	-10.000000	-10.000000	-10.000000	
0.18	-10.000000	-10.000000	-10.000000	-10.000000	-10.000000	-10.000000	-10.000000	-10.000000	
0.19	-10.000000	-10.000000	-10.000000	-10.000000	-10.000000	-10.000000	-10.000000	-10.000000	
0.20	-10.000000	-10.000000	-10.000000	-10.000000	-10.000000	-10.000000	-10.000000	-10.000000	
0.21	-10.000000	-10.000000	-10.000000	-10.000000	-10.000000	-10.000000	-10.000000	-10.000000	
0.22	-10.000000	-10.000000	-10.000000	-10.000000	-10.000000	-10.000000	-10.000000	-10.000000	
0.23	-10.000000	-10.000000	-10.000000	-10.000000	-10.000000	-10.000000	-10.000000	-10.000000	
0.24	-10.000000	-10.000000	-10.000000	-10.000000	-10.000000	-10.000000	-10.000000	-10.000000	
0.25	-10.000000	-10.000000	-10.000000	-10.000000	-10.000000	-10.000000	-10.000000	-10.000000	
0.26	-10.000000	-10.000000	-10.000000	-10.000000	-10.000000	-10.000000	-10.000000	-10.000000	
0.27	-10.000000	-10.000000	-10.000000	-10.000000	-10.000000	-10.000000	-10.000000	-10.000000	
0.28	-10.000000	-10.000000	-10.000000	-10.000000	-10.000000	-10.000000	-10.000000	-10.000000	
0.29	-10.000000	-10.000000	-10.000000	-10.000000	-10.000000	-10.000000	-10.000000	-10.000000	
0.30	-10.000000	-10.000000	-10.000000	-10.000000	-10.000000	-10.000000	-10.000000	-10.000000	
0.31	-10.000000	-10.000000	-10.000000	-10.000000	-10.000000	-10.000000	-10.000000	-10.000000	
0.32	-10.000000	-10.000000	-10.000000	-10.000000	-10.000000	-10.000000	-10.000000	-10.000000	
0.33	-10.000000	-10.000000	-10.000000	-10.000000	-10.000000	-10.000000	-10.000000	-10.000000	
0.34	-10.000000	-10.000000	-10.000000	-10.000000	-10.000000	-10.000000	-10.000000	-10.000000	
0.35	-10.000000	-10.000000	-10.000000	-10.000000	-10.000000	-10.000000	-10.000000	-10.000000	
0.36	-10.000000	-10.000000	-10.000000	-10.000000	-10.000000	-10.000000	-10.000000	-10.000000	
0.37	-10.000000	-10.000000	-10.000000	-10.000000	-10.000000	-10.000000	-10.000000	-10.000000	
0.38	-10.000000	-10.000000	-10.000000	-10.000000	-10.000000	-10.000000	-10.000000	-10.000000	
0.39	-10.000000	-10.000000	-10.000000	-10.000000	-10.000000	-10.000000	-10.000000	-10.000000	
0.40	-10.000000	-10.000000	-10.000000	-10.000000	-10.000000	-10.000000	-10.000000	-10.000000	
0.41	-10.000000	-10.000000	-10.000000	-10.000000	-10.000000	-10.000000	-10.000000	-10.000000	
0.42	-10.000000	-10.000000	-10.000000	-10.000000	-10.000000	-10.000000	-10.000000	-10.000000	
0.43	-10.000000	-10.000000	-10.000000	-10.000000	-10.000000	-10.000000	-10.000000	-10.000000	
0.44	-10.000000	-10.000000	-10.000000	-10.000000	-10.000000	-10.000000	-10.000000	-10.000000	
0.45	-10.000000	-10.000000	-10.000000	-10.000000	-10.000000	-10.000000	-10.000000	-10.000000	
0.46	-10.000000	-10.000000	-10.000000	-10.000000	-10.000000	-10.000000	-10.000000	-10.000000	
0.47	-10.000000	-10.000000	-10.000000	-10.000000	-10.000000	-10.000000	-10.000000	-10.000000	
0.48	-10.000000	-10.000000	-10.000000	-10.000000	-10.000000	-10.000000	-10.000000	-10.000000	
0.49	-10.000000	-10.000000	-10.000000	-10.000000	-10.000000	-10.000000	-10.000000	-10.000000	
0.50	-10.000000	-10.000000	-10.000000	-10.000000	-10.000000	-10.000000	-10.000000	-10.000000	
0.51	-10.000000	-10.000000	-10.000000	-10.000000	-10.000000	-10.000000	-10.000000	-10.000000	
0.52	-10.000000	-10.000000	-10.000000	-10.000000	-10.000000	-10.000000	-10.000000	-10.000000	
0.53	-10.000000	-10.000000	-10.000000	-10.000000	-10.000000	-10.000000	-10.000000	-10.000000	
0.54	-10.000000	-10.000000	-10.000000	-10.000000	-10.000000	-10.000000	-10.000000	-10.000000	
0.55	-10.000000	-10.000000	-10.000000	-10.000000	-10.000000	-10.000000	-10.000000	-10.000000	
0.56	-10.000000	-10.000000	-10.000000	-10.000000	-10.000000	-10.000000	-10.000000	-10.000000	
0.57	-10.000000	-10.000000	-10.000000	-10.000000	-10.000000	-10.000000	-10.000000	-10.000000	
0.58	-10.000000	-10.000000	-10.000000	-10.000000	-10.000000	-10.000000	-10.000000	-10.000000	
0.59	-10.000000	-10.000000	-10.000000	-10.000000	-10.000000	-10.000000	-10.000000	-10.000000	
0.60	-10.000000	-10.000000	-10.000000	-10.000000	-10.000000	-10.000000	-10.000000	-10.000000	
0.61	-10.000000	-10.000000	-10.000000	-10.000000	-10.000000	-10.000000	-10.000000	-10.000000	
0.62	-10.000000	-10.000000	-10.000000	-10.000000	-10.000000	-10.000000	-10.000000	-10.000000	
0.63	-10.000000	-10.000000	-10.000000	-10.000000	-10.000000	-10.000000	-10.000000	-10.000000	
0.64	-10.000000	-10.000000	-10.000000	-10.000000	-10.000000	-10.000000	-10.000000	-10.000000	
0.65	-10.000000	-10.000000	-10.000000	-10.000000	-10.000000	-10.000000	-10.000000	-10.000000	
0.66	-10.000000	-10.000000	-10.000000	-10.000000	-10.000000	-10.000000	-10.000000	-10.000000	
0.67	-10.000000	-10.000000	-10.000000	-10.000000	-10.000000	-10.000000	-10.000000	-10.000000	
0.68	-10.000000	-10.000000	-10.000000	-10.000000	-10.000000	-10.000000	-10.000000	-10.000000	
0.69	-10.000000	-10.000000	-10.000000	-10.000000	-10.000000	-10.000000	-10.000000	-10.000000	
0.70	-10.000000	-10.000000	-10.000000	-10.000000	-10.000000	-10.000000	-10.000000	-10.000000	
0.71	-10.000000	-10.000000	-10.000000	-10.000000	-10.000000	-10.000000	-10.000000	-10.000000	
0.72	-10.000000	-10.000000	-10.000000	-10.000000	-10.000000	-10.000000	-10.000000	-10.000000	
0.73	-10.000000	-10.000000	-10.000000	-10.000000	-10.000000	-10.000000	-10.000000	-10.000000	
0.74	-10.000000	-10.000000	-10.000000	-10.000000	-10.000000	-10.000000	-10.000000	-10.000000	
0.75	-10.000000	-10.000000	-10.000000	-10.000000	-10.000000	-10.000000	-10.000000	-10.000000	
0.76	-10.000000	-10.000000	-10.000000	-10.000000	-10.000000	-10.000000	-10.000000	-10.000000	
0.77	-10.000000	-10.000000	-10.000000	-10.000000	-10.000000	-10.000000	-10.000000	-10.000000	
0.78	-10.000000	-10.000000	-10.000000	-10.000000	-10.000000	-10.000000	-10.000000	-10.000000	
0.79	-10.000000	-10.000000	-10.000000	-10.000000	-10.000000	-10.000000	-10.000000	-10.000000	
0.80	-10.000000	-10.000000	-10.000000	-10.000000	-10.000000	-10.000000	-10.000000	-10.000000	
0.81	-10.000000	-10.000000	-10.000000	-10.000000	-10.000000	-10.000000	-10.000000	-10.000000	
0.82	-10.000000	-10.000000	-10.000000	-10.000000	-10.000000	-10.000000	-10.000000	-10.000000	
0.83	-10.000000	-10.000000	-10.000000	-10.000000	-10.000000	-10.000000	-10.000000	-10.000000	
0.84	-10.000000	-10.000000	-10.000000	-10.000000	-10.000000	-10.000000	-10.000000	-10.000000	
0.85	-10.000000	-10.000000	-10.000000	-10.000000	-10.000000	-10.000000	-10.000000	-10.000000	
0.86	-10.000000	-10.000000	-10.000000	-10.000000	-10.000000	-10.000000	-10.000000	-10.000000	
0.87	-10.000000	-10.000000	-10.000000	-10.000000	-10.000000	-10.000000	-10.000000	-10.000000	
0.88	-10.000000	-10.000000	-10.000000	-10.000000	-10.000000	-10.000000	-10.000000	-10.000000	
0.89	-10.000000	-10.000000	-10.000000	-10.000000	-10.000000	-10.000000	-10.000000	-10.000000	
0.90	-10.000000	-10.000000	-10.000000	-10.000000	-10.000000	-10.000000	-10.000000	-10.000000	
0.91	-10.000000	-10.000000	-10.000000	-10.000000	-10.000000	-10.000000	-10.000000	-10.000000	
0.92	-10.000000	-10.000000	-10.000000	-10.000000	-10.000000	-10.000000	-10.000000	-10.000000	
0.93	-10.000000	-10.000000	-10.000000	-10.000000	-10.000000	-10.000000	-10.000000	-10.000000	
0.94	-10.000000	-10.000000	-10.000000	-10.000000	-10.000000	-10.000000	-10.000000	-10.000000	
0.95	-10.000000	-10.000000	-10.000000	-10.000000	-10.000000	-10.000000	-10.000000	-10.000000	
0.96	-10.000000	-10.000000	-10.000000	-10.000000	-10.000000	-10.000000	-10.000000	-10.000000	
0.97	-10.000000	-10.000000	-10.000000	-10.000000	-10.000000	-10.000000	-10.000000	-10.000000	
0.98	-10.000000	-10.000000	-10.000000	-10.000000	-10.000000	-10.000000	-10.000000	-10.000000	
0.99	-10.000000	-10.000000	-10.000000	-10.000000	-10.000000	-10.000000	-10.000000	-10.000000	
1.00	-10.000000	-10.000000	-10.000000	-10.000000	-10.000000	-10.000000	-10.000000	-10.000000	
1.01	-10.000000	-10.000000	-10.000000	-10.000000	-10.000000	-10.000000	-10.000000	-10.000000	
1.02	-10.000000	-10.000000	-10.000000	-10.000000	-10.000000	-10.000000	-10.000000	-10.000000	
1.03	-10.000000	-10.000000	-10.000000	-10.000000	-10.000000	-10.000000	-10.000000	-10.000000	
1.04	-10.000000	-10.000000	-10.000000	-10.000000	-10.000000	-10.000000	-10.000000	-10.000000	
1.05	-10.000000	-10.000000	-10.000000	-10.000000	-10.000000	-10.000000	-10.000000	-10.000000	
1.06	-10.000000	-10.000000	-10.000000	-10.000000	-10.000000	-10.000000	-10.000000	-10.000000	
1.07	-10.000000	-10.000000	-10.000000	-10.000000	-10.000000	-10.000000	-10.000000	-10.000000	
1.08	-10.000000	-10.000000	-10.000000	-10.000000	-10.000000	-10.000000	-10.000000	-10.000000	
1.09	-10.000000	-10.000000	-10.000000	-10.000000	-10.000000	-10.000000	-10.000000	-10.000000	
1.10	-10.000000	-10.000000	-10.000000	-10.000000	-10.000000	-10.000000	-10.000000	-10.000000	
1.11	-10.000000	-10.000000	-10.000000	-10.000000	-10.000000	-10.000000	-10.000000	-10.000000	
1.12	-10.000000	-10.000000	-10.000000	-10.000000	-10.000000	-10.000000	-10.000000	-10.000000	
1.13	-10.000000	-10.000000	-10.000000	-10.000000	-10.000000	-10.000000	-10.000000	-10.000000	
1.14	-10.000000	-10.000000	-10.000000	-10.000000	-10.000000	-10.000000	-10.000000	-10.000000	
1.15	-10.000000	-10.000000	-10.000000	-10.000000	-10.000000	-10.000000	-10.000000	-10.000000	
1.16	-10.000000	-10.000000	-10.000000	-10.000000	-10.000000	-10.000000	-10.000000	-10.000000	
1.17	-10.000000	-10.000000	-10.000000	-10.000000	-10.000000	-10.000000	-10.000000	-10.000000	
1.18	-10.000000	-10.000000	-10.000000	-10.000000	-10.000000	-10.000000	-10.000000	-10.000000	
1.19	-10.000000	-10.000000	-10.000000	-10.000000	-10.000000	-10.000000	-10.000000	-10.000000	
1.20	-10.000000	-10.000000	-10.000000	-10.000000	-10.000000	-10.000000	-10.000000	-10.000000	
1.21	-10.000000	-10.000000	-10.000000	-10.000000	-10.000000	-10.000000	-10.000000	-10.000000	
1.22	-10.000000	-10.000000	-10.000000	-10.000000	-10.000000	-10.000000	-10.000000	-10.000000	
1.23	-10.000000	-10.000000	-10.000000	-10.000000	-10.000000	-10.000000	-10.000000	-10.000000	
1.24	-10.000000	-10.000000	-10.000000	-10.000000	-10.000000	-10.000000	-10.000000	-10.000000	
1.25	-10.000000	-10.000000	-10.000000	-10.000000	-10.000000	-10.000000	-10.000000	-10.000000	
1.26	-10.000000	-10.000000	-10.000000	-10.000000	-10.000000	-10.000000	-10.000000	-10.000000	
1.27	-10.000000	-10.000000	-10.000000	-10.000000	-10.000000	-10.000000	-10.000000	-10.000000	
1.28	-10.000000	-10.000000	-10.000000	-10.000000	-10.000000	-10.000000	-10.000000	-10.000000	
1.29	-10.000000	-10.000000	-10.000000	-10.000000	-10.000000	-10.000000	-10.000000	-10.000000	
1.30	-10.000000	-10.000000	-10.000000	-10.000000	-10.000000	-10.000000	-10.000000	-10.000000	
1.31	-10.000000	-10.000000	-10.000000	-10.000000	-10.000000	-10.000000	-10.000000	-10.000000	
1.32	-10.000000	-10.000000	-10.000000	-10.000000	-10.000000	-10.000000	-10.000000	-10.000000	
1.33	-10.000000	-10.000000	-10.000000	-10.000000	-10.000000	-10.000000	-10.000000	-10.000000	
1.34	-10.000000	-10.000000	-10.000000	-10.000000	-10.000000	-10.000000	-10.000000	-10.000000	
1.35	-10.000000	-10.000000	-10.000000	-10.000000	-10.000000	-10.000000	-10.000000	-10.000000	
1.36	-10.000000	-10.000000	-10.000000	-10.000000	-10.000000	-10.000000	-10.000000	-10.000000	
1.37	-10.000000	-10.000000	-10.000000	-10.000000	-10.000000	-10.000000	-10.000000	-10.000000	
1.38	-10.000000	-10.000000	-10.000000	-10.000000	-10.000000	-10.000000	-10.000000	-10.000000	
1.39	-10.000000	-10.000000	-10.000000	-10.000000	-10.000000	-10.000000	-10.000000	-10.000000	
1.40	-10.000000	-10.000000	-10.000000	-10.000000	-10.000000	-10.000000	-10.000000	-10.000000	
1.41	-10.000000	-10.000000	-10.000000	-10.000000	-10.000000	-10.000000	-10.000000	-10.000000	
1.42	-10.000000	-10.000000	-10.000000	-10.000000	-10.000000	-10.000000	-10.000000	-10.000000	
1.43	-10.000000	-10.000000	-10.000000	-10.000000	-10.000000	-10.000000	-10.000000	-10.000000	
1.44	-10.000000	-10.000000	-10.000000	-10.000000	-10.000000	-10.000000	-10.000000	-10.000000	
1.45	-10.000000	-10.000000	-10.000000	-10.000000	-10.000000	-10.000000	-10.000000	-10.000000	
1.46	-10.000000	-10.000000	-10.000000	-10.000000	-10.000000	-10.000000	-10.000000	-10.000000	
1.47	-10.000000	-10.000000	-10.000000	-10.000000	-10.000000	-10.000000	-10.000000	-10.000000	
1.48	-10.000000	-10.000000	-10.000000	-10.000000	-10.000000	-10.000000	-10.000000	-10.000000	
1.49	-10.000000	-10.000000	-10.000000	-10.000000	-10.000000	-10.000000	-10.000000	-10.000000	
1.50	-10.000000	-10.000000	-10.000000	-10.000000	-10.000000	-10.000000	-10.000000	-10.000000	
1.51	-10.000000	-10.000000	-10.000000	-10.000000	-10.000000	-10.000000	-10.000000	-10.000000	
1.52	-10.000000	-10.000000	-10.000000	-10.000000	-10.000000	-10.000000	-10.000000	-10.000000	
1.53	-10.000000	-10.000000	-10.000000	-10.000000	-10.000000	-10.000000	-10.000000	-10.000000	
1.54	-10.000000	-10.000000	-10.000000	-10.000000	-10.000000	-10.000000	-10.000000	-10.000000	
1.55	-10.000000	-10.000000	-10.000000	-10.000000	-10.000000	-10.000000	-10.000000	-10.000000	
1.56	-10.000000	-10.000000	-10.000000	-10.000000	-10.000000	-10.000000	-10.000000	-10.000000	
1.57	-10.000000	-10.000000	-10.000000	-10.000000	-10.000000	-10.000000	-10.000000	-10.000000	
1.58	-10.000000	-10.000000	-10.000000	-10.000000	-10.000000	-10.000000	-10.000000	-10.000000	
1.59	-10.000000	-10.000000	-10.000000	-10.000000	-10.000000	-10.000000	-10.000000	-10.000000	
1.60	-10.000000	-10.000000	-10.000000	-10.000000	-10.000000	-10.000000	-10.000000	-10.000000	
1.61	-10.000000	-10.000000	-10.000000	-10.000000	-10.000000	-10.000000	-10.000000	-10.000000	
1.62	-10.000000	-10.000000	-10.000000	-10.000000	-10.000000	-10.000000	-10.000000	-10.000000	
1.63	-10.000000	-10.000000	-10.000000	-10.000000	-10.000000	-10.000000	-10.000000	-10.000000	
1.64	-10.000000	-10.000000	-10.000000	-10.000000	-10.000000	-10.000000	-10.000000	-10.000000	
1.65	-10.000000	-10.000000	-10.000000	-10.000000	-10.000000	-10.000000	-10.000000	-10.000000	
1.66	-10.000000	-10.000000	-10.000000	-10.000000	-10.000000	-10.000000	-10.000000	-10.000000	
1.67	-10.000000	-10.000000	-10.000000	-10.000000	-10.000000	-10.000000	-10.000000	-10.000000	
1.68	-10.000000	-10.000000	-10.000000	-10.000000	-10.000000	-10.000000	-10.000000	-10.000000	
1.69	-10.000000	-10.000000	-10.000000	-10.000000	-10.000000	-10.000000	-10.000000	-10.000000	
1.70	-10.000000	-10.000000	-10.000000	-10.000000	-10.000000	-10.000000	-10.000000	-10.000000	
1.71	-10.000000	-10.000000	-10.000000	-10.000000	-10.000000	-10.000000	-10.000000	-10.000000	
1.72	-10.000000	-10.000000	-10.000000	-10.000000	-10.000000	-10.000000	-10.000000	-10.000000	
1.73	-10.000000	-10.000000	-10.000000	-10.000000	-10.000000	-10.000000	-10.000000	-10.000000	
1.74	-10.000000	-10.000000	-10.000000	-10.000000	-10.000000	-10.000000	-10.000000	-10.000000	
1.75	-10.000000	-10.000000	-10.000000	-10.000000	-10.000000	-10.000000	-10.000000	-10.000000	
1.76	-10.000000	-10.000000	-10.000000	-10.000000	-10.000000	-10.000000	-10.000000	-10.000000	
1.77	-10.000000	-10.000000	-10.000000	-10.000000	-10.000000	-10.000000	-10.000000	-10.000000	
1.78	-10.000000	-10.000000	-10.000000	-10.000000	-10.000000	-10.000000	-10.000000	-10.000000	
1.79	-10.000000	-10.000000	-10.000000	-10.000000	-10.000000	-10.000000	-10.000000	-10.000000	
1.80	-10.000000	-10.000000	-10.000000	-10.000000	-10.000000	-10.000000	-10.000000	-10.000000	
1.81	-10.000000	-10.000000	-10.000000	-10.000000	-10.000000	-10.000000	-10.000000	-10.000000	
1.82	-10.000000	-10.000000	-10.000000	-10.000000	-10.000000	-10.000000	-10.000000	-10.000000	
1.83	-10.000000	-10.000000	-10.000000	-10.000000	-10.000000	-10.000000	-10.000000	-10.000000	
1.84	-10.000000	-10.000000	-10.000000	-10.000000	-10.000000	-10.000000	-10.000000	-10.000000	
1.85	-10.000000	-10.000000	-10.000000	-10.000000	-10.000000	-10.000000	-10.000000	-10.000000	
1.86	-10.000000	-10.000000	-10.000000	-10.000000	-10.000000	-10.000000	-10.000000	-10.000000	
1.87	-10.000000	-10.000000	-10.000000	-10.000000	-10.000000	-10.000000	-10.000000	-10.000000	
1.88	-10.000000	-10.000000	-10.000000	-10.000000	-10.000000	-10.000000	-10.000000	-10.000000	
1.89	-10.000000	-10.000000	-10.000000	-10.000000	-10.000000	-10.000000	-10.000000	-10.000000	
1.90	-10.000000	-10.000000	-10.000000	-10.000000	-10.000000	-10.000000	-10.000000	-10.000000	
1.91	-10.000000	-10.000000	-10.000000	-10.000000	-10.000000	-10.000000	-10.000000	-10.000000	
1.92	-10.000000	-10.000000	-10.000000	-10.000000	-10.000000	-10.000000	-10.000000	-10.000000	
1.93	-10.000000	-10.000000	-10.000000	-10.000000	-10.000000	-10.000000	-10.000000	-10.000000	
1.94	-10.000000	-10.000000	-10.000000	-10.000000	-10.000000	-10.000000	-10.000000	-10.000000	
1.95	-10.000000	-10.000000	-10.000000	-10.000000	-10.000000	-10.000000	-10.000000	-10.000000	
1.96	-10.000000	-10.000000	-10.000000	-10.000000	-10.000000	-10.000000	-10.000000	-10.000000	
1.97	-10.000000	-10.000000	-10.000000	-10.000000	-10.000000	-10.000000	-10.000000	-10.000000	
1.98	-10.000000	-10.000000	-10.000000	-10.000000	-10.000000	-10.000000	-10.000000	-10.000000	
1.99	-10.000000	-10.000000	-10.000000	-10.000000	-10.000000	-10.000000	-10.000000	-10.000000	
2.00	-10.000000	-10.000000	-10.000000	-10.000000	-10.000000	-10.000000	-10.000000	-10.000000	
2.01	-10.000000	-10.000000	-10.000000	-10.000000	-10.000000	-10.000000	-10.000000	-10.000000	
2.02	-10.000000	-10.000000	-10.000000	-10.000000	-10.000000	-10.000000	-10.000000	-10.000000	
2.03	-10.000000	-10.000000	-10.000000	-10.000000	-10.000000	-10.000000	-10.000000	-10.000000	
2.04	-10.000000	-10.000000	-10.000000	-10.000000	-10.000000	-10.000000	-10.000000	-10.000000	
2.05	-10.000000	-10.000000	-10.000000	-10.000000	-10.000000	-10.000000	-10.000000	-10.000000	
2.06	-10.000000	-10.000000	-10.000000	-10.000000	-10.000000	-10.000000	-10.000000	-10.000000	
2.07	-10.000000	-10.000000	-10.000000	-10.000000	-10.000000	-10.000000	-10.000000	-10.000000	
2.08	-10.000000	-10.000000	-10.000000	-10.000000	-10.000000	-10.000000	-10.000000	-10.000000	
2.09	-10.000000	-10.000000	-10.000000	-10.000000	-10.000000	-10.000000	-10.000000	-10.000000	
2.10	-10.000000	-10.000000	-10.000000	-10.000000	-10.000000	-10.000000	-10.000000	-10.000000	
2.11	-10.000000	-10.000000	-10.000000	-10.000000	-10.000000	-10.000000	-10.000000	-10.000000	
2.12	-10.000000	-10.000000	-10.000000	-10.000000	-10.000000	-10.000000	-10.000000	-10.000000	
2.13	-10.000000	-10.000000	-10.000000	-10.000000	-10.000000	-10.000000	-10.000000	-10.000000	
2.14	-10.000000	-10.000000	-10.000000	-10.000000	-10.000000	-10.000000	-10.000000	-10.000000	
2.15	-10.000000	-10.000000	-10.000000	-10.000000	-10.000000	-10.000000	-10.000000	-10.000000	
2.16	-10.000000	-10.000000	-10.000000	-10.000000	-10.000000	-10.000000	-10.000000	-10.000000	
2.17	-10.000000	-10.000000	-10.000000	-10.000000	-10.000000	-10.000000	-10.000000	-10.000000	
2.18	-10.000000	-10.000000	-10.000000	-10.000000	-10.000000	-10.000000	-10.000000	-10.000000	
2.19	-10.000000	-10.000000	-10.000000	-10.000000	-10.000000	-10.000000	-10.000000	-10.000000	
2.20	-10.000000	-10.000000	-10.000000	-10.000000	-10.000000	-10.000000	-10.000000	-10.000000	
2.21	-10.000000	-10.000000	-10.000000	-10.000000	-10.000000	-10.000000	-10.000000	-10.000000	
2.22	-10.000000	-10.000000	-10.000000	-10.000000	-10.000000	-10.000000	-10.000000	-10.000000	
2.23	-10.000000	-10.000000	-10.000000	-10.000000	-10.000000	-10.000000	-10.000000	-10.000000	
2.24	-10.000000	-10.000000	-10.000000	-10.000000	-10.000000	-10.000000	-10.000000	-10.000000	
2.25	-10.000000	-10.000000	-10.000000	-10.000000	-10.000000	-10.000000	-10.000000	-10.000000	
2.26	-10.000000	-10.000000	-10.000000	-10.000000	-10.000000	-10.000000	-10.000000	-10.000000	
2.27	-10.000000	-10.000000	-10.000000	-10.000000	-10.000000	-10.000000	-10.000000	-10.000000	
2.28	-10.000000	-10.000000	-10.000000	-10.000000	-10.000000	-10.000000	-10.000000	-10.000000	
2.29	-10.000000	-10.000000	-10.000000	-10.000000	-10.000000	-10.000000	-10.000000	-10.000000	
2.30	-10.000000	-10.000000	-10.000000	-10.000000	-10.000000	-10.000000	-10.000000	-10.000000	
2.31	-10.000000	-10.000000	-10.000000	-10.000000	-10.000000	-10.000000	-10.000000	-10.000000	
2.32	-10.000000	-10.000000	-10.000000	-10.000000	-10.000000	-10.000000	-10.000000	-10.000000	
2.33	-10.000000	-10.000000	-10.000000	-10.000000	-10.000000	-10.000000	-10.000000	-10.000000	
2.34	-10.000000	-10.000000	-10.000000	-10.000000	-10.000000	-10.000000	-10.000000	-10.000000	
2.35	-10.000000	-10.000000	-10.000000	-10.000000	-10.000000	-10.000000	-10.000000	-10.000000	
2.36	-10.000000	-10.000000	-10.000000	-10.000000	-10.000000	-10.000000	-10.000000	-10.000000	
2.37	-10.000000	-10.000000	-10.000000	-10.000000	-10.000000	-10.000000	-10.000000	-10.000000	
2.38	-10.000000	-10.000000	-10.000000	-10.000000	-10.000000	-10.000000	-10.000000	-10.000000	
2.39	-10.000000	-10.000000	-10.000000	-10.000000	-10.000000	-10.000000	-10.000000	-10.000000	
2.40	-10.000000	-10.000000	-10.000000	-10.000000	-10.000000	-10.000000	-10.000000	-10.000000	
2.41	-10.000000	-10.000000	-10.000000	-10.000000	-10.000000	-10.000000	-10.000000	-10.000000	
2.42	-10.000000	-10.000000	-10.000000	-10.000000	-10.000000	-10.000000	-10.000000	-10.000000	
2.43	-10.000000	-10.000000	-10.000000	-10.000000	-10.000000	-10.000000	-10.000000	-10.000000	
2.44	-10.000000	-10.000000	-10.000000	-10.000000	-10.000000	-10.000000	-10.000000	-10.000000	
2.45	-10.000000	-10.000000	-10.000000	-10.000000	-10.000000	-10.000000	-10.000000	-10.000000	
2.46	-10.000000	-10.000000	-10.000000	-10.000000	-10.000000	-10.000000	-10.000000	-10.000000	
2.47	-10.000000	-10.000000	-10.000000	-10.000000	-10.000000	-10.000000	-10.000000	-10.000000	
2.48	-10.000000	-10.000000	-10.000000	-10.000000	-10.000000	-10.000000	-10.000000	-10.000000	
2.49	-10.000000	-10.000000	-10.000000	-10.000000	-10.000000	-10.000000	-10.000000	-10.000000	
2.50	-10.000000	-10.000000	-10.000000	-10.000000	-10.000000	-10.000000	-10.000000	-10.000000	
2.51	-10.000000	-10.000000	-10.000000	-10.000000	-10.000000	-10.000000	-10.000000	-10.000000	
2.52	-10.000000	-10.000000	-10.000000	-10.000000	-10.000000	-10.000000	-10.000000	-10.000000	
2.53	-10.000000	-10.000000	-10.000000	-10.000000	-10.000000	-10.000000	-10.000000	-10.000000	
2.54	-10.000000	-10.000000	-10.000000	-10.000000	-10.000000	-10.000000	-10.000000	-10.000000	
2.55	-10.000000	-10.000000	-10.000000	-10.000000	-10.000000	-10.000000	-10.000000	-10.000000	
2.56	-10.000000	-10.000000	-10.000000	-10.000000	-10.000000	-10.000000	-10.000000	-10.000000	
2.57	-10.000000	-10.000000	-10.000000	-10.000000	-10.000000	-10.000000	-10.000000	-10.000000	
2.58	-10.000000	-10.000000	-10.000000	-10.000000	-10.000000	-10.000000	-10.000000	-10.000000	
2.59	-10.000000	-10.000000	-10.000000	-10.000000	-10.000000	-10.000000	-10.000000	-10.000000	
2.60	-10.000000	-10.000000	-10.000000	-10.000000	-10.000000	-10.000000	-10.000000	-10.000000	
2.61	-10.000000	-10.000000	-10.000000	-10.000000	-10.000000	-10.000000	-10.000000	-10.000000	
2.62	-10.000000	-10.000000	-10.000000	-10.000000	-10.000000	-10.000000	-10.000000	-10.000000	
2.63	-10.000000	-10.000000	-10.000000	-10.000000	-10.000000	-10.000000	-10.000000	-10.000000	
2.64	-10.000000	-10.000000	-10.000000	-10.000000	-10.000000	-10.000000	-10.000000	-10.000000	
2.65	-10.000000	-10.000000	-10.000000	-10.000000	-10.000000	-10.000000	-10.000000	-10.000000	
2.66	-10.000000	-10.000000	-10.000000	-10.000000	-10.000000	-10.000000	-10.000000	-10.000000	
2.67	-10.000000	-10.000000	-10.000000	-10.000000	-10.000000	-10.000000	-10.000000	-10.000000	
2.68	-10.000000	-10.000000	-10.000000	-10.000000	-10.000000	-10.000000	-10.000000	-10.000000	
2.69	-10.000000	-10.000000	-10.000000	-10.000000	-10.000000	-10.000000	-10.000000	-10.000000	
2.70	-10.000000	-10.000000	-10.000000	-10.000000	-10.000000	-10.000000	-10.000000	-10.000000	
2.71	-10.000000	-10.000000	-10.000000	-10.000000	-10.000000	-10.000000	-10.000000	-10.000000	
2.72	-10.000000	-10.000000	-10.000000	-10.000000	-10.000000	-10.000000	-10.000000	-10.000000	
2.73	-10.000000	-10.000000	-10.000000	-10.000000	-10.000000	-10.000000	-10.000000	-10.000000	
2.74	-10.000000	-10.000000	-10.000000	-10.000000	-10.000000	-10.000000	-10.000000	-10.000000	
2.75	-10.000000	-10.000000	-10.000000	-10.000000	-10.000000	-10.000000	-10.000000	-10.000000	
2.76	-10.000000	-10.000000	-10.000000	-10.000000	-10.000000	-10.000000	-10.000000	-10.000000	
2.77	-10.000000	-10.000000	-10.000000	-10.000000	-10.000000	-10.000000	-10.000000	-10.000000	
2.78	-10.000000	-10.000000	-10.000000	-10.000000	-10.000000	-10.000000	-10.000000	-10.000000	
2.79	-10.000000	-10.000000	-10.000000	-10.000000	-10.000000	-10.000000	-10.000000	-10.000000	
2.80	-10.000000	-10.000000	-10.000000	-10.000000	-10.000000	-10.000000	-10.000000	-10.000000	
2.81	-10.000000	-10.000000	-10.000000	-10.000000	-10.000000	-10.000000	-10.000000	-10.000000	
2.82	-10.000000	-10.000000	-10.000000	-10.000000	-10.000000	-10.000000	-10.000000	-10.000000	
2.83	-10.000000	-10.000000	-10.000000	-10.000000	-10.000000	-10.000000	-10.000000	-10.000000	
2.84	-10.000000	-10.000000	-10.000000	-10.000000	-10.000000	-10.000000	-10.000000	-10.000000	
2.85	-10.000000	-10.000000	-10.000000	-10.000000	-10.000000	-10.000000	-10.000000	-10.000000	
2.86	-10.000000	-10.000000	-10.000000	-10.000000	-10.000000	-10.000000	-10.000000	-10.000000	
2.87	-10.000000	-10.000000	-10.000000	-10.000000	-10.000000	-10.000000	-10.000000	-10.000000	
2.88	-10.000000	-10.000000	-10.000000	-10.000000	-10.000000	-10.000000	-10.000000	-10.000000	
2.89	-10.000000	-10.000000	-10.000000	-10.000000	-10.000000	-10.000000	-10.000000	-10.000000	
2.90	-10.000000	-10.000000	-10.000000	-10.000000	-10.000000	-10.000000	-10.000000	-10.000000	
2.91	-10.000000	-10.000000	-10.000000	-10.000000	-10.000000	-10.000000	-10.000000	-10.000000	
2.92	-10.000000	-10.000000	-10.000000	-10.000000	-10.000000	-10.000000	-10.000000	-10.000000	
2.93	-10.000000	-10.000000	-10.000000	-10.000000	-10.000000	-10.000000	-10.000000	-10.000000	
2.94	-10.000000	-10.000000	-10.000000	-10.000000	-10.000000	-10.000000	-10.000000	-10.000000	
2.95	-10.000000	-10.000000	-10.000000	-10.000000	-10.000000	-10.000000	-10.000000	-10.000000	
2.96	-10.000000	-10.000000	-10.000000	-10.000000	-10.000000	-10.000000	-10.000000	-10.000000	
2.97	-10.000000	-10.000000	-10.000000	-10.000000	-10.000000	-10.000000	-10.000000	-10.000000	
2.98	-10.000000	-10.000000	-10.000000	-10.000000	-10.000000	-10.000000	-10.000000	-10.000000	
2.99	-10.000000	-10.000000	-10.000000	-10.000000	-10.000000	-10.000000	-10.000000	-10.000000	
3.00	-10.000000	-10.000000	-10.000000	-10.000000	-10.000000	-10.000000	-10.000000	-10.000000	
3.01	-10.000000	-10.000000	-10.000000	-10.000000	-10.000000	-10.000000	-10.000000	-10.000000	
3.02	-10.000000	-10.000000	-10.000000	-10.000000	-10.000000	-10.000000	-10.000000	-10.000000	
3.03	-10.000000	-10.000000	-10.000000	-10.000000	-10.000000	-10.000000	-10.000000	-10.000000	
3.04	-10.000000	-10.000000	-10.000000	-10.000000	-10.000000	-10.000000	-10.000000	-10.000000	
3.05	-10.000000	-10.000000	-10.000000	-10.000000	-10.000000	-10.000000	-10.000000	-10.000000	
3.06	-10.000000	-10.000000	-10.000000	-10.000000	-10.000000	-10.000000	-10.000000	-10.000000	
3.07	-10.000000	-10.000000	-10.000000	-10.000000	-10.000000	-10.000000	-10.000000	-10.000000	
3.08	-10.000000	-10.000000	-10.000000	-10.000000	-10.000000	-10.000000	-10.000000	-10.000000	
3.09	-10.000000	-10.000000	-10.000000	-10.000000	-10.000000	-10.000000	-10.000000	-10.000000	
3.10	-10.000000	-10.000000	-10.000000	-10.000000	-10.000000	-10.000000	-10.000000	-10.000000	
3.11	-10.000000	-10.000000	-10.000000	-10.000000	-10.000000	-10.000000	-10.000000	-10.000000	
3.12	-10.000000	-10.000000	-10.000000	-10.000000	-10.000000	-10.000000	-10.000000	-10.000000	
3.13	-10.000000	-10.000000	-10.000000	-10.000000	-10.000000	-10.000000	-10.000000	-10.000000	
3.14	-10.000000	-10.000000	-10.000000	-10.000000	-10.000000	-10.000000	-10.000000	-10.000000	
3.15	-10.000000	-10.000000	-10.000000	-10.000000	-10.000000	-10.000000	-10.000000	-10.000000	
3.16	-10.000000	-10.000000	-10.000000	-10.000000	-10.000000	-10.000000	-10.000000	-10.000000	
3.17	-10.000000	-10.000000	-10.000000	-10.000000	-10.000000	-10.000000	-10.000000	-10.000000	
3.18	-10.000000	-10.000000	-10.000000	-10.000000	-10.000000	-10.000000	-10.000000	-10.000000	
3.19	-10.000000	-10.000000	-10.000000	-10.000000	-10.000000	-10.000000	-10.000000	-10.000000	
3.20	0.078125	-0.056152	0.122375	-0.083008	0.060425	-0.067139	0.050964	-0.041199	
3.21	0.078430	-0.053711	0.123291	-0.082092	0.064392	-0.064392	0.050049	-0.043030	
3.22	0.075073	-0.054626	0.127869	-0.083313	0.060730	-0.065613	0.051270	-0.039978	
3.23	0.073547	-0.054932	0.125122	-0.080872	0.058594	-0.065613	0.053101	-0.041809	
3.24	0.074463	-0.057678	0.128479	-0.084229	0.061035	-0.062256	0.054626	-0.038147	
3.25	0.079651	-0.051880	0.122986	-0.083008	0.061951	-0.065002	0.050964	-0.042114	
3.26	0.074463	-0.050964	0.122681	-0.082397	0.060120	-0.060730	0.052795	-0.042114	
3.27	0.077515	-0.054626	0.126038	-0.085754	0.061340	-0.063477	0.054932	-0.043030	
3.28	0.078430	-0.050964	0.124207	-0.079956	0.058289	-0.062561	0.054321	-0.040283	
3.29	0.077209	-0.058594	0.122986	-0.081787	0.061035	-0.063782	0.051880	-0.038452	
3.30	0.075684	-0.055237	0.121460	-0.083313	0.062256	-0.065308	0.053406	-0.044250	
3.31	0.079651	-0.054626	0.123291	-0.081482	0.063171	-0.062256	0.050354	-0.043640	
3.32	0.075684	-0.055847	0.121765	-0.083008	0.062256	-0.065002	0.052490	-0.041199	
3.33	0.076904	-0.054016	0.122681	-0.081482	0.059814	-0.061646	0.051880	-0.043945	
3.34	0.079041	-0.051575	0.125122	-0.086975	0.060730	-0.061340	0.054626	-0.043945	
3.35	0.079956	-0.053101	0.121155	-0.080261	0.062256	-0.063782	0.051270	-0.039368	
3.36	0.079346	-0.057068	0.122375	-0.080566	0.060425	-0.062561	0.053711	-0.043030	
3.37	0.075073	-0.053406	0.126038	-0.084839	0.057983	-0.060425	0.051575	-0.043030	
3.38	0.077209	-0.050964	0.123901	-0.085449	0.062256	-0.060730	0.052795	-0.042725	
3.39	0.079956	-0.052185	0.125427	-0.083008	0.061646	-0.062866	0.054016	-0.041504	
3.40	0.074463	-0.052795	0.127869	-0.083618	0.056763	-0.062866	0.052795	-0.041504	
3.41	0.075684	-0.055542	0.122986	-0.083008	0.059204	-0.062256	0.050659	-0.041199	
3.42	0.076294	-0.054321	0.122986	-0.084839	0.059814	-0.065308	0.053711	-0.040283	
3.43	0.075989	-0.054932	0.123596	-0.083923	0.064087	-0.063782	0.050659	-0.043030	
3.44	0.077515	-0.056763	0.119934	-0.086365	0.062561	-0.063477	0.048828	-0.044861	
3.45	0.076294	-0.053711	0.124207	-0.083008	0.060425	-0.064392	0.051880	-0.043945	
3.46	0.076599	-0.052490	0.124817	-0.085144	0.058289	-0.062866	0.051880	-0.040588	
3.47	0.075989	-0.051575	0.125122	-0.082092	0.059814	-0.063171	0.050354	-0.041809	
3.48	0.077515	-0.053406	0.123291	-0.081787	0.059814	-0.063171	0.052490	-0.040588	
3.49	0.077515	-0.054321	0.126953	-0.083923	0.060730	-0.063782	0.051880	-0.040588	
3.50	0.079956	-0.052795	0.124817	-0.084534	0.060730	-0.061340	0.053406	-0.041199	
3.51	0.078735	-0.051880	0.125122	-0.084534	0.061035	-0.063782	0.051880	-0.039978	
3.52	0.078125	-0.051270	0.121765	-0.081787	0.061340	-0.063171	0.052490	-0.040894	
3.53	0.074158	-0.050964	0.122681	-0.083313	0.058289	-0.062561	0.050964	-0.041199	
3.54	0.081787	-0.056152	0.121460	-0.084839	0.060425	-0.065918	0.050354	-0.043030	
3.55	0.078735	-0.056458	0.124207	-0.085144	0.059509	-0.063477	0.054016	-0.040283	
3.56	0.078125	-0.052185	0.124512	-0.086365	0.058289	-0.063782	0.050049	-0.043030	
3.57	0.077820	-0.055847	0.124817	-0.082397	0.062561	-0.067444	0.053101	-0.043030	
3.58	0.077820	-0.057373	0.126038	-0.082397	0.056152	-0.066223	0.053711	-0.040588	
3.59	0.079041	-0.054321	0.125122	-0.084229	0.063782	-0.064392	0.051575	-0.042114	
3.60	0.078430	-0.051270	0.121765	-0.081177	0.062256	-0.063171	0.049438	-0.043030	
3.61	0.077820	-0.054626	0.121765	-0.086975	0.061340	-0.063782	0.054932	-0.042114	
3.62	0.075989	-0.054321	0.128784	-0.082397	0.062256	-0.064392	0.050659	-0.043030	
3.63	0.077515	-0.050354	0.125732	-0.083313	0.062866	-0.063477	0.051270	-0.042725	
3.64	0.078430	-0.053711	0.121765	-0.081482	0.061951	-0.065308	0.050964	-0.043030	
3.65	0.079956	-0.049744	0.124207	-0.083923	0.059814	-0.061951	0.052185	-0.042725	
3.66	0.077515	-0.054932	0.125732	-0.085449	0.057373	-0.064697	0.054626	-0.040894	
3.67	0.079651	-0.054016	0.121765	-0.078735	0.059509	-0.065613	0.048828	-0.040588	
3.68	0.079346	-0.056152	0.125732	-0.083008	0.058594	-0.064697	0.053406	-0.041199	
3.69	0.074463	-0.054626	0.123291	-0.083313	0.058594	-0.060730	0.049133	-0.041809	
3.70	0.079041	-0.052795	0.121460	-0.082703	0.061035	-0.063171	0.051270	-0.042114	
3.71	0.078125	-0.053101	0.123901	-0.081482	0.058899	-0.063171	0.051880	-0.042419	
3.72	0.077209	-0.052185	0.123901	-0.087280	0.060730	-0.061951	0.050964	-0.043030	
3.73	0.075989	-0.053406	0.124817	-0.081482	0.062256	-0.063171	0.054016	-0.040894	
3.74	0.076294	-0.052185	0.126648	-0.079346	0.058594	-0.064087	0.051575	-0.038147	
3.75	0.075073	-0.051270	0.126648	-0.085449	0.062866	-0.061035	0.051880	-0.043945	
3.76	0.078125	-0.050049	0.122375	-0.084839	0.058594	-0.063477	0.055237	-0.039978	
3.77	0.076904	-0.055542	0.121765	-0.084534	0.058899	-0.063171	0.052795	-0.044556	
3.78	0.077820	-0.053711	0.122070	-0.082703	0.059204	-0.062561	0.052490	-0.044556	
3.79	0.075989	-0.055237	0.125122	-0.086365	0.061646	-0.063171	0.051880	-0.041199	
3.80	0.075073	-0.057068	0.122986	-0.084229	0.060120	-0.065613	0.051270	-0.041199	
3.81	0.076294	-0.053406	0.127258	-0.080261	0.058289	-0.062866	0.051880	-0.040588	
3.82	0.078735	-0.051270	0.124207	-0.082703	0.060730	-0.062256	0.053711	-0.041504	
3.83	0.076294	-0.055237	0.123901	-0.083313	0.057678	-0.063477	0.047913	-0.038452	
3.84	0.075989	-0.056152	0.124817	-0.083618	0.063477	-0.062561	0.053711	-0.039673	
3.85	0.076904	-0.050659	0.122681	-0.080566	0.057983	-0.062561	0.051270	-0.040894	
3.86	0.077209	-0.055237	0.124817	-0.082092	0.061951	-0.062866	0.050659	-0.039673	
3.87	0.077820	-0.052795	0.126038	-0.085144	0.059204	-0.062561	0.052490	-0.044250	
3.88	0.075378	-0.053711	0.126953	-0.082397	0.058594	-0.063171	0.050659	-0.041504	
3.89	0.076599	-0.053406	0.122681	-0.086365	0.057678	-0.067444	0.050659	-0.042419	
3.90	0.076599	-0.055237	0.122375	-0.082092	0.059509	-0.063477	0.051880	-0.047302	
3.91	0.077515	-0.054626	0.127869	-0.085449	0.059814	-0.064087	0.052795	-0.039368	
3.92	0.079346	-0.057068	0.123291	-0.083008	0.060120	-0.066528	0.049133	-0.040894	
3.93	0.080261	-0.056763	0.124817	-0.085449	0.061340	-0.065613	0.052185	-0.040894	
3.94	0.076599	-0.051575	0.127258	-0.081787	0.057983	-0.064392	0.054016	-0.042725	
3.95	0.079956	-0.055542	0.123291	-0.081177	0.062256	-0.063782	0.052490	-0.042419	
3.96	0.078125	-0.055542	0.123596	-0.083923	0.061951	-0.061646	0.052490	-0.041199	
3.97	0.076294	-0.054626	0.123291	-0.082092	0.060425	-0.064697	0.050354	-0.043030	
3.98	0.082703	-0.055542	0.122681	-0.083313	0.059814	-0.064087	0.052490	-0.045471	
3.99	0.078735	-0.050659	0.125122	-0.085449	0.063782	-0.063782	0.058594	-0.041199	
4.00	0.075684	-0.055237	0.122986	-0.082092	0.060425	-0.063171	0.052490	-0.042419	
4.01	0.076599	-0.056763	0.122070	-0.084229	0.061035	-0.062561	0.054932	-0.043030	
4.02	0.076599	-0.055847	0.120239	-0.082703	0.061035	-0.063477	0.053101	-0.040588	
4.03	0.075684	-0.053101	0.123291	-0.083313	0.060120	-0.064087	0.052490	-0.043030	
4.04	0.076599	-0.051270	0.123901	-0.086365	0.061340	-0.063171	0.049744	-0.040283	
4.05	0.076294	-0.056458	0.120239	-0.083618	0.059509	-0.065613	0.052490	-0.042725	
4.06	0.077820	-0.057678	0.124512	-0.083008	0.060120	-0.060730	0.051880	-0.040894	
4.07	0.075073	-0.051880	0.122986	-0.084534	0.061646	-0.062561	0.052185	-0.044861	
4.08	0.078125	-0.053711	0.124512	-0.082703	0.059509	-0.062256	0.054321	-0.040283	
4.09	0.076904	-0.057678	0.124207	-0.081177	0.059509	-0.065002	0.053406	-0.043640	
4.10	0.077820	-0.052185	0.122375	-0.083618	0.061646	-0.062256	0.054016	-0.043945	
4.11	0.077820	-0.056763	0.126038	-0.083923	0.062866	-0.063477	0.052490	-0.038147	
4.12	0.077820	-0.053101	0.121460	-0.082397	0.060120	-0.067139	0.052490	-0.042725	
4.13	0.076599	-0.051575	0.120239	-0.080261	0.063477	-0.062866	0.050049	-0.043335	
4.14	0.076599	-0.050964	0.123291	-0.084229	0.062866	-0.065918	0.052795	-0.042419	
4.15	0.076904	-0.052795	0.124817	-0.082703	0.057068	-0.067749	0.052185	-0.043335	
4.16	0.079346	-0.057068	0.123901	-0.084839	0.059204	-0.063477	0.053406	-0.043640	
4.17	0.077209	-0.051270	0.122986	-0.085754	0.061646	-0.063782	0.049438	-0.044861	
4.18	0.079651	-0.053711	0.123291	-0.085144	0.061035	-0.063477	0.054016	-0.042114	
4.19	0.075989	-0.052185	0.126343	-0.082703	0.059204	-0.061951	0.052490	-0.042114	
4.20	0.078125	-0.053406	0.123596	-0.081787	0.061646	-0.061035	0.050964	-0.039978	
4.21	0.076904	-0.055237	0.122375	-0.078125	0.059814	-0.063171	0.053406	-0.041504	
4.22	0.077820	-0.057678	0.127563	-0.084839	0.059814	-0.063171	0.051880	-0.041504	
4.23	0.078735	-0.056458	0.123291	-0.084534	0.061646	-0.064087	0.051270	-0.042419	
4.24	0.079346	-0.054016	0.126343	-0.083618	0.061646	-0.062866	0.051270	-0.039063	
4.25	0.077820	-0.052795	0.126038	-0.085144	0.061035	-0.062866	0.052490	-0.043335	
4.26	0.075989	-0.054321	0.123291	-0.084534	0.058899	-0.065002	0.052185	-0.040894	
4.27	0.077515	-0.056458	0.121155	-0.086670	0.062866	-0.066223	0.048828	-0.043640	
4.28	0.075684	-0.053711	0.120544	-0.081177	0.060425	-0.061035	0.050659	-0.043030	
4.29	0.076294	-0.048523	0.128479	-0.082397	0.059814	-0.065918	0.051880	-0.042419	
4.30	0.075378	-0.053711	0.124512	-0.083618	0.060730	-0.064697	0.051575	-0.041199	
4.31	0.077209	-0.056458	0.121765	-0.079651	0.056763	-0.064392	0.050659	-0.041809	
4.32	0.078430	-0.050354	0.124207	-0.084534	0.061646	-0.063782	0.051880	-0.041199	
4.33	0.079346	-0.052185	0.121765	-0.082703	0.062256	-0.064392	0.046997	-0.039673	
4.34	0.077209	-0.054626	0.125122	-0.083618	0.059509	-0.061340	0.052185	-0.041809	
4.35	0.076904	-0.052795	0.124207	-0.081177	0.059814	-0.063171	0.053711	-0.041809	
4.36	0.075073	-0.050964	0.124817	-0.082397	0.061035	-0.062866	0.051575	-0.042114	
4.37	0.081177	-0.052490	0.123291	-0.083618	0.062561	-0.066528	0.049438	-0.041809	
4.38	0.080566	-0.053406	0.122375	-0.081787	0.060730	-0.062866	0.053711	-0.041504	
4.39	0.074463	-0.054932	0.125427	-0.086670	0.059814	-0.064087	0.053101	-0.041199	
4.40	0.076904	-0.055237	0.121765	-0.085144	0.058899	-0.062866	0.050354	-0.041504	
4.41	0.077515	-0.054626	0.120544	-0.080566	0.060120	-0.061035	0.053711	-0.042725	
4.42	0.073242	-0.050659	0.124817	-0.083923	0.061035	-0.061035	0.051880	-0.041809	
4.43	0.077515	-0.056763	0.125427	-0.083313	0.061035	-0.065002	0.051880	-0.041199	
4.44	0.079651	-0.052490	0.126038	-0.078125	0.060120	-0.061340	0.053711	-0.044250	
4.45	0.077820	-0.054626	0.126648	-0.083923	0.056152	-0.063477	0.054016	-0.042725	
4.46	0.080566	-0.052795	0.122375	-0.081482	0.061035	-0.061340	0.052490	-0.039978	
4.47	0.079651	-0.053406	0.121155	-0.082703	0.062561	-0.061340	0.049744	-0.041199	
4.48	0.079346	-0.053101	0.125122	-0.088806	0.061646	-0.064392	0.053406	-0.040894	
4.49	0.078125	-0.055237	0.122986	-0.083618	0.058899	-0.063782	0.053406	-0.043030	
4.50	0.077515	-0.054932	0.126343	-0.085144	0.061340	-0.065613	0.050659	-0.039368	
4.51	0.074768	-0.053711	0.120544	-0.079651	0.060425	-0.065308	0.052795	-0.042725	
4.52	0.078735	-0.054016	0.124512	-0.084839	0.060730	-0.059814	0.049744	-0.038757	
4.53	0.078125	-0.055847	0.122681	-0.082092	0.062561	-0.066528	0.051880	-0.041199	
4.54	0.076294	-0.054321	0.125427	-0.083923	0.056458	-0.061035	0.049133	-0.041809	
4.55	0.076599	-0.053711	0.126648	-0.086975	0.059814	-0.061951	0.052490	-0.042419	
4.56	0.079041	-0.049438	0.120239	-0.081787	0.061035	-0.061951	0.050049	-0.038757	
4.57	0.078735	-0.057373	0.125427	-0.080872	0.059204	-0.064392	0.052185	-0.041199	
4.58	0.075684	-0.054321	0.122681	-0.084534	0.061340	-0.061951	0.051880	-0.042725	
4.59	0.078735	-0.052185	0.122986	-0.084534	0.060730	-0.060730	0.051880	-0.042419	
4.60	0.079956	-0.054321	0.124817	-0.082092	0.061646	-0.064697	0.052490	-0.043335	
4.61	0.078125	-0.054016	0.122986	-0.081482	0.059204	-0.060425	0.053101	-0.040894	
4.62	0.078125	-0.054932	0.126648	-0.082397	0.061646	-0.064087	0.054626	-0.042114	
4.63	0.078430	-0.054626	0.124512	-0.082397	0.060120	-0.064392	0.052490	-0.041199	
4.64	0.079651	-0.054932	0.124207	-0.083618	0.059814	-0.063477	0.052795	-0.040588	
4.65	0.075989	-0.056458	0.125732	-0.086060	0.060425	-0.062866	0.052185	-0.041809	
4.66	0.076599	-0.054321	0.121155	-0.084534	0.060120	-0.061951	0.050354	-0.042725	
4.67	0.079346	-0.056152	0.123901	-0.082092	0.060425	-0.062561	0.050354	-0.042419	
4.68	0.079956	-0.056152	0.124512	-0.085144	0.058899	-0.061951	0.052490	-0.041504	
4.69	0.079651	-0.055542	0.122986	-0.082703	0.059509	-0.063171	0.053101	-0.041199	
4.70	0.079041	-0.051880	0.119934	-0.083008	0.060120	-0.061951	0.050354	-0.043335	
4.71	0.076904	-0.051880	0.127869	-0.084534	0.061951	-0.065613	0.054016	-0.041504	
4.72	0.080872	-0.054016	0.124207	-0.082092	0.061035	-0.062561	0.051270	-0.043030	
4.73	0.079346	-0.051270	0.124207	-0.083313	0.061340	-0.062561	0.050964	-0.041504	
4.74	0.078430	-0.053711	0.124207	-0.083313	0.059814	-0.063171	0.050049	-0.040588	
4.75	0.078735	-0.053101	0.124817	-0.082397	0.061035	-0.064392	0.051270	-0.044861	
4.76	0.075073	-0.051880	0.123291	-0.085144	0.062256	-0.065308	0.050659	-0.044861	
4.77	0.080566	-0.055237	0.122375	-0.085754	0.060425	-0.062256	0.050659	-0.042114	
4.78	0.076599	-0.054016	0.125427	-0.084839	0.059814	-0.063171	0.052795	-0.043030	
4.79	0.078735	-0.052795	0.123291	-0.084229	0.058594	-0.063477	0.052795	-0.042725	
4.80	0.077515	-0.057373	0.122986	-0.085144	0.060730	-0.064697	0.048218	-0.043945	
4.81	0.076294	-0.055237	0.122681	-0.080566	0.058899	-0.065308	0.051270	-0.046387	
4.82	0.076599	-0.054932	0.124817	-0.085449	0.061646	-0.065002	0.050964	-0.043945	
4.83	0.075684	-0.053101	0.125732	-0.083618	0.059509	-0.063477	0.051575	-0.039063	
4.84	0.079346	-0.053711	0.125732	-0.083618	0.060120	-0.063171	0.049133	-0.041809	
4.85	0.079346	-0.054932	0.124817	-0.084839	0.060425	-0.063171	0.054016	-0.039368	
4.86	0.075073	-0.054626	0.126038	-0.083313	0.061646	-0.063782	0.050659	-0.041809	
4.87	0.079956	-0.055542	0.120850	-0.084839	0.061951	-0.061646	0.053711	-0.042725	
4.88	0.075073	-0.054932	0.126953	-0.080261	0.059204	-0.063171	0.054932	-0.043030	
4.89	0.078735	-0.056152	0.122070	-0.083008	0.061035	-0.063782	0.048828	-0.042419	
4.90	0.081177	-0.054016	0.123901	-0.083618	0.061035	-0.066528	0.053406	-0.041199	
4.91	0.077820	-0.056763	0.124817	-0.083923	0.059204	-0.064087	0.051575	-0.044250	
4.92	0.079041	-0.053711	0.123291	-0.083008	0.060730	-0.060120	0.053101	-0.046082	
4.93	0.079041	-0.054016	0.125122	-0.082092	0.057068	-0.063782	0.051270	-0.039978	
4.94	0.079346	-0.057068	0.123291	-0.080566	0.063782	-0.065613	0.053101	-0.041504	
4.95	0.075684	-0.053711	0.123596	-0.083923	0.061646	-0.064392	0.052490	-0.043030	
4.96	0.076904	-0.051270	0.122681	-0.083618	0.062256	-0.061646	0.050354	-0.044250	
4.97	0.080261	-0.051880	0.123291	-0.080872	0.060120	-0.065918	0.053711	-0.039063	
4.98	0.080261	-0.054321	0.125122	-0.084839	0.058289	-0.063782	0.052185	-0.042114	
4.99	0.075684	-0.050049	0.125427	-0.084534	0.060120	-0.063782	0.052795	-0.041199	
5.00	0.076904	-0.053406	0.124817	-0.083008	0.061340	-0.061646	0.051270	-0.040283	
5.01	0.077820	-0.055237	0.124207	-0.079956	0.061646	-0.067749	0.055237	-0.039673	
5.02	0.077209	-0.056458	0.123901	-0.083618	0.063477	-0.064392	0.051880	-0.044250	
5.03	0.076904	-0.052795	0.123596	-0.085754	0.056152	-0.062256	0.053406	-0.042114	
5.04	0.076599	-0.051575	0.121765	-0.082092	0.059814	-0.066223	0.051575	-0.043335	
5.05	0.077820	-0.058289	0.126038	-0.082397	0.057678	-0.066223	0.050049	-0.041199	
5.06	0.080261	-0.054932	0.125122	-0.086670	0.061035	-0.061035	0.051880	-0.043335	
5.07	0.076904	-0.055237	0.122681	-0.082397	0.061646	-0.063171	0.051270	-0.039978	
5.08	0.078125	-0.052185	0.124207	-0.082703	0.060730	-0.064392	0.054626	-0.041504	
5.09	0.075378	-0.053101	0.124207	-0.085144	0.062256	-0.054932	0.049744	-0.042419	
5.10	0.077820	-0.054626	0.123596	-0.088806	0.064697	-0.063171	0.052185	-0.040894	
5.11	0.077820	-0.052490	0.122681	-0.078430	0.060120	-0.063477	0.053711	-0.042419	
5.12	0.080261	-0.054626	0.125732	-0.085449	0.061035	-0.061035	0.052490	-0.042419	
5.13	0.075073	-0.056763	0.126953	-0.083618	0.060120	-0.062866	0.054016	-0.044861	
5.14	0.078735	-0.052795	0.124512	-0.083008	0.062561	-0.062256	0.048828	-0.039063	
5.15	0.075684	-0.053101	0.122681	-0.081787	0.063171	-0.064087	0.053101	-0.042725	
5.16	0.076599	-0.055847	0.122375	-0.086060	0.059509	-0.063171	0.050659	-0.043945	
5.17	0.076599	-0.054626	0.120239	-0.083313	0.064087	-0.064392	0.049438	-0.041504	
5.18	0.077515	-0.053406	0.119629	-0.084229	0.059814	-0.063782	0.050354	-0.042419	
5.19	0.077515	-0.055542	0.125122	-0.081482	0.057678	-0.060120	0.052490	-0.046082	
5.20	0.073853	-0.051575	0.123901	-0.083923	0.060730	-0.062256	0.052795	-0.042419	
5.21	0.079651	-0.055847	0.119324	-0.084229	0.058289	-0.064087	0.052490	-0.040894	
5.22	0.075378	-0.058899	0.123901	-0.083618	0.059814	-0.065002	0.055542	-0.043030	
5.23	0.076904	-0.056152	0.123596	-0.082092	0.061951	-0.062561	0.052795	-0.041199	
5.24	0.076904	-0.057373	0.122986	-0.083313	0.063782	-0.063477	0.050964	-0.041809	
5.25	0.078125	-0.052185	0.122375	-0.082703	0.061951	-0.062256	0.055237	-0.044250	
5.26	0.078125	-0.053406	0.126648	-0.083923	0.058899	-0.063171	0.055237	-0.040588	
5.27	0.075989	-0.051575	0.127869	-0.080872	0.061951	-0.062866	0.052490	-0.043030	
5.28	0.080261	-0.052185	0.122986	-0.080566	0.059204	-0.059814	0.049744	-0.039673	
5.29	0.076294	-0.057678	0.126038	-0.081177	0.060120	-0.066223	0.052795	-0.042114	
5.30	0.074463	-0.050964	0.123901	-0.083618	0.059814	-0.063477	0.051270	-0.041504	
5.31	0.076599	-0.054016	0.122681	-0.085754	0.060120	-0.061951	0.050049	-0.042725	
5.32	0.078735	-0.055237	0.120850	-0.085754	0.059204	-0.064087	0.050659	-0.044250	
5.33	0.080261	-0.054626	0.125732	-0.086060	0.061340	-0.064392	0.053101	-0.043945	
5.34	0.076904	-0.054016	0.123901	-0.083618	0.059814	-0.065918	0.053406	-0.044250	
5.35	0.076904	-0.055542	0.123291	-0.084534	0.060425	-0.065002	0.053406	-0.039673	
5.36	0.075989	-0.054016	0.123901	-0.079041	0.059204	-0.062561	0.052490	-0.039978	
5.37	0.078430	-0.055847	0.122986	-0.081177	0.058289	-0.064697	0.054016	-0.043335	
5.38	0.078430	-0.055542	0.123901	-0.085449	0.061646	-0.063477	0.053711	-0.040283	
5.39	0.077820	-0.054932	0.121155	-0.081482	0.062561	-0.065002	0.051270	-0.039673	
5.40	0.077515	-0.054321	0.123596	-0.082397	0.057373	-0.060120	0.052490	-0.041504	
5.41	0.075684	-0.052490	0.123291	-0.084229	0.061340	-0.065002	0.054626	-0.043030	
5.42	0.078735	-0.054932	0.125732	-0.086060	0.058289	-0.062256	0.051270	-0.039368	
5.43	0.079346	-0.056763	0.124817	-0.081482	0.061035	-0.064392	0.052490	-0.041809	
5.44	0.075073	-0.053406	0.122070	-0.082397	0.061035	-0.067139	0.049438	-0.041809	
5.45	0.077820	-0.056458	0.124512	-0.088806	0.059204	-0.064392	0.050659	-0.042419	
5.46	0.078735	-0.052795	0.119629	-0.081482	0.060730	-0.064697	0.051575	-0.043030	
5.47	0.075073	-0.052795	0.126038	-0.084534	0.057983	-0.063782	0.049744	-0.043030	
5.48	0.075989	-0.052490	0.123901	-0.085449	0.061646	-0.064392	0.052795	-0.040894	
5.49	0.075684	-0.055847	0.124817	-0.083923	0.057373	-0.063782	0.051575	-0.040283	
5.50	0.076904	-0.056763	0.127869	-0.083923	0.059814	-0.063477	0.054932	-0.041504	
5.51	0.078125	-0.054016	0.123901	-0.082703	0.058289	-0.064697	0.053101	-0.041809	
5.52	0.078125	-0.055542	0.125427	-0.083923	0.062866	-0.066833	0.051270	-0.040283	
5.53	0.077820	-0.054626	0.122375	-0.083618	0.057678	-0.063171	0.051270	-0.042419	
5.54	0.078735	-0.053406	0.123596	-0.085754	0.062256	-0.060120	0.052185	-0.042419	
5.55	0.075989	-0.053406	0.126343	-0.083008	0.059814	-0.063782	0.052490	-0.040283	
5.56	0.075378	-0.054016	0.126343	-0.080872	0.061035	-0.062866	0.053101	-0.039063	
5.57	0.074463	-0.050964	0.125122	-0.088196	0.060425	-0.063477	0.051880	-0.044861	
5.58	0.076599	-0.054016	0.122681	-0.083923	0.060425	-0.064392	0.050354	-0.043030	
5.59	0.079956	-0.055237	0.122986	-0.086060	0.062866	-0.065002	0.052490	-0.042114	
5.60	0.077515	-0.057068	0.126343	-0.084534	0.061035	-0.065002	0.057678	-0.044861	
5.61	0.076599	-0.053711	0.123596	-0.085144	0.059814	-0.062561	0.049744	-0.041199	
5.62	0.076294	-0.054626	0.120850	-0.081482	0.062256	-0.069275	0.052490	-0.043640	
5.63	0.078735	-0.053711	0.123596	-0.083923	0.056152	-0.064087	0.054016	-0.042114	
5.64	0.077515	-0.054626	0.122681	-0.086060	0.062561	-0.063171	0.050964	-0.041504	
5.65	0.079041	-0.054016	0.120239	-0.083618	0.060425	-0.059814	0.050659	-0.040894	
5.66	0.075684	-0.054932	0.123901	-0.082703	0.060425	-0.063171	0.052185	-0.039368	
5.67	0.075989	-0.049744	0.126343	-0.081177	0.060730	-0.061646	0.051575	-0.043945	
5.68	0.079041	-0.050354	0.123901	-0.084229	0.060425	-0.062866	0.049438	-0.042725	
5.69	0.080872	-0.054016	0.123596	-0.081787	0.063477	-0.064087	0.051575	-0.042419	
5.70	0.077209	-0.054016	0.124207	-0.083923	0.057983	-0.063171	0.054321	-0.044861	
5.71	0.078735	-0.052185	0.125732	-0.081787	0.062256	-0.063782	0.050964	-0.040894	
5.72	0.080261	-0.054626	0.122070	-0.084229	0.062256	-0.065308	0.050659	-0.040283	
5.73	0.078125	-0.053101	0.121765	-0.082703	0.061951	-0.064697	0.050964	-0.042419	
5.74	0.080566	-0.054932	0.123596	-0.082703	0.061340	-0.064697	0.051880	-0.044250	
5.75	0.079346	-0.053711	0.122375	-0.083313	0.061951	-0.061340	0.049744	-0.044250	
5.76	0.079651	-0.052795	0.120850	-0.085449	0.057068	-0.063782	0.051880	-0.046082	
5.77	0.078430	-0.055847	0.124512	-0.081482	0.057983	-0.065613	0.054932	-0.043335	
5.78	0.079041	-0.052185	0.126343	-0.087891	0.060120	-0.063477	0.053406	-0.043030	
5.79	0.078125	-0.055237	0.123596	-0.082397	0.060425	-0.064697	0.052490	-0.039978	
5.80	0.077209	-0.052490	0.124817	-0.084534	0.060730	-0.063477	0.054321	-0.041504	
5.81	0.076599	-0.052795	0.126343	-0.083313	0.061340	-0.062561	0.054016	-0.039978	
5.82	0.075989	-0.053101	0.123596	-0.082703	0.059814	-0.063782	0.051270	-0.042419	
5.83	0.077820	-0.054016	0.124817	-0.080872	0.061035	-0.062866	0.052185	-0.042725	
5.84	0.077209	-0.055847	0.124817	-0.082397	0.061340	-0.061646	0.050049	-0.039978	
5.85	0.078430	-0.055847	0.122681	-0.083618	0.059509	-0.066833	0.051270	-0.042725	
5.86	0.077209	-0.055847	0.119934	-0.083923	0.060120	-0.062256	0.054321	-0.041504	
5.87	0.077209	-0.057678	0.125122	-0.086670	0.060425	-0.062561	0.051880	-0.043945	
5.88	0.078735	-0.057983	0.125427	-0.082703	0.059814	-0.064697	0.051575	-0.042419	
5.89	0.076294	-0.053406	0.120850	-0.084839	0.060425	-0.064697	0.053101	-0.041199	
5.90	0.074463	-0.054321	0.122375	-0.079956	0.058289	-0.063171	0.054016	-0.043030	
5.91	0.080566	-0.055237	0.122986	-0.085449	0.061340	-0.063477	0.052490	-0.042419	
5.92	0.075684	-0.055237	0.123901	-0.081787	0.063782	-0.063477	0.050354	-0.039978	
5.93	0.079346	-0.054626	0.123901	-0.082092	0.058594	-0.061340	0.053101	-0.039978	
5.94	0.075989	-0.052490	0.121460	-0.082092	0.059814	-0.064392	0.050354	-0.044556	
5.95	0.078430	-0.054626	0.126038	-0.081482	0.061951	-0.062561	0.054626	-0.040588	
5.96	0.079041	-0.054626	0.124207	-0.084839	0.059814	-0.061951	0.057068	-0.042114	
5.97	0.078125	-0.054016	0.128174	-0.084229	0.057373	-0.062866	0.054932	-0.044250	
5.98	0.076904	-0.050659	0.124512	-0.081787	0.065002	-0.065308	0.050964	-0.038757	
5.99	0.076599	-0.055237	0.122375	-0.079651	0.061035	-0.065918	0.049744	-0.040894	
6.00	0.078125	-0.054932	0.124817	-0.083618	0.061951	-0.061340	0.052795	-0.042114	
6.01	0.078125	-0.049438	0.125122	-0.083923	0.060730	-0.063171	0.054932	-0.043640	
6.02	0.076294	-0.054932	0.121765	-0.082092	0.061951	-0.063782	0.051270	-0.041504	
6.03	0.077209	-0.054626	0.124817	-0.087891	0.060120	-0.065002	0.054626	-0.043945	
6.04	0.075073	-0.053406	0.121155	-0.083923	0.061340	-0.064392	0.050964	-0.042725	
6.05	0.078735	-0.058289	0.122681	-0.085449	0.061646	-0.062561	0.053711	-0.043030	
6.06	0.076904	-0.054016	0.124512	-0.081177	0.058594	-0.064697	0.050354	-0.043335	
6.07	0.079041	-0.054932	0.124817	-0.085144	0.061951	-0.063171	0.051880	-0.044556	
6.08	0.075684	-0.054016	0.121765	-0.084534	0.061646	-0.066833	0.053101	-0.041199	
6.09	0.077209	-0.055847	0.122986	-0.084534	0.059204	-0.064697	0.052795	-0.042114	
6.10	0.077820	-0.053711	0.123291	-0.087280	0.061035	-0.060425	0.053406	-0.044556	
6.11	0.079346	-0.053101	0.123901	-0.085754	0.060730	-0.063477	0.051880	-0.039978	
6.12	0.075989	-0.056152	0.121765	-0.082092	0.064392	-0.061646	0.052490	-0.041504	
6.13	0.075073	-0.051575	0.125122	-0.085144	0.061340	-0.061035	0.051270	-0.042419	
6.14	0.078735	-0.054321	0.125122	-0.082703	0.060425	-0.062256	0.050964	-0.041199	
6.15	0.077515	-0.055542	0.124512	-0.080566	0.060730	-0.065613	0.051880	-0.042114	
6.16	0.076599	-0.052795	0.127563	-0.083923	0.059509	-0.061951	0.051270	-0.044250	
6.17	0.076294	-0.052795	0.121765	-0.085754	0.061951	-0.064087	0.053101	-0.045166	
6.18	0.076294	-0.053711	0.125427	-0.082703	0.060425	-0.065002	0.051270	-0.040283	
6.19	0.078430	-0.051270	0.124817	-0.081177	0.060425	-0.063171	0.053101	-0.044250	
6.20	0.078125	-0.053406	0.123596	-0.083923	0.061035	-0.061951	0.051270	-0.042419	
6.21	0.075073	-0.055847	0.123901	-0.082397	0.061646	-0.065613	0.053101	-0.043030	
6.22	0.079041	-0.055237	0.119324	-0.077820	0.061340	-0.063782	0.052490	-0.043030	
6.23	0.076294	-0.052185	0.122986	-0.084534	0.061646	-0.061951	0.049438	-0.043030	
6.24	0.079041	-0.054626	0.123596	-0.084839	0.061340	-0.065613	0.051575	-0.040588	
6.25	0.075684	-0.054932	0.124512	-0.083313	0.059204	-0.065918	0.054321	-0.040588	
6.26	0.076904	-0.052185	0.126038	-0.086975	0.059509	-0.061340	0.051575	-0.043335	
6.27	0.078125	-0.054321	0.122681	-0.084229	0.060425	-0.064087	0.052490	-0.040283	
6.28	0.078125	-0.056152	0.124207	-0.079346	0.061035	-0.064697	0.056152	-0.041504	
6.29	0.076904	-0.053711	0.125732	-0.081787	0.057373	-0.061951	0.054016	-0.039368	
6.30	0.077515	-0.054016	0.122986	-0.084839	0.063477	-0.063477	0.051575	-0.042725	
6.31	0.074768	-0.050049	0.120544	-0.080872	0.060425	-0.061951	0.052185	-0.041504	
6.32	0.076599	-0.053406	0.125427	-0.083008	0.058594	-0.062256	0.052185	-0.039673	
6.33	0.078430	-0.052490	0.123596	-0.083008	0.061035	-0.062256	0.052185	-0.041809	
6.34	0.079956	-0.054321	0.124207	-0.082092	0.061951	-0.064697	0.050049	-0.040283	
6.35	0.078735	-0.053101	0.124817	-0.085754	0.062561	-0.063477	0.054016	-0.044556	
6.36	0.075073	-0.053101	0.126038	-0.082703	0.059204	-0.061951	0.052795	-0.040894	
6.37	0.077209	-0.054932	0.124207	-0.080566	0.061035	-0.065002	0.049438	-0.039978	
6.38	0.077515	-0.054626	0.122070	-0.082703	0.059509	-0.064697	0.055237	-0.044250	
6.39	0.079041	-0.057373	0.122986	-0.084839	0.059204	-0.062256	0.050354	-0.041504	
6.40	0.078125	-0.051270	0.122070	-0.087891	0.061951	-0.063782	0.053406	-0.041809	
6.41	0.078735	-0.054626	0.124207	-0.083008	0.058594	-0.064087	0.051880	-0.041504	
6.42	0.077820	-0.058899	0.123596	-0.085754	0.059509	-0.063171	0.053711	-0.039368	
6.43	0.078735	-0.052795	0.120239	-0.084534	0.060730	-0.064392	0.053101	-0.040894	
6.44	0.079346	-0.053406	0.123596	-0.081482	0.061340	-0.061646	0.052185	-0.042725	
6.45	0.077209	-0.050964	0.126648	-0.083923	0.058594	-0.064392	0.055237	-0.041809	
6.46	0.079346	-0.054321	0.124817	-0.080566	0.061646	-0.063171	0.052490	-0.040588	
6.47	0.081177	-0.056152	0.121155	-0.082397	0.062256	-0.068359	0.054016	-0.039368	
6.48	0.078430	-0.051270	0.122070	-0.082703	0.059204	-0.059204	0.051880	-0.039978	
6.49	0.075073	-0.054321	0.122986	-0.084229	0.060730	-0.062866	0.050964	-0.041199	
6.50	0.075684	-0.056458	0.121460	-0.082703	0.059509	-0.065002	0.053711	-0.039673	
6.51	0.077209	-0.053711	0.122986	-0.080566	0.060425	-0.061646	0.052185	-0.041504	
6.52	0.081177	-0.052185	0.123901	-0.084534	0.062256	-0.061951	0.052490	-0.042114	
6.53	0.075378	-0.052490	0.121460	-0.080872	0.061340	-0.062866	0.050049	-0.042725	
6.54	0.077515	-0.057068	0.124512	-0.081787	0.058289	-0.066223	0.051575	-0.044556	
6.55	0.078430	-0.051575	0.123901	-0.084229	0.062256	-0.063171	0.050049	-0.043945	
6.56	0.079956	-0.054016	0.122375	-0.088196	0.060120	-0.065918	0.054626	-0.039368	
6.57	0.080566	-0.054016	0.124512	-0.083008	0.057678	-0.065308	0.054321	-0.043640	
6.58	0.076599	-0.052795	0.122986	-0.083313	0.060120	-0.064697	0.052490	-0.043945	
6.59	0.077820	-0.052185	0.122070	-0.085144	0.060425	-0.063477	0.053406	-0.041504	
6.60	0.078430	-0.054626	0.125732	-0.085144	0.059204	-0.065613	0.055542	-0.044861	
6.61	0.076294	-0.053406	0.123901	-0.084839	0.059204	-0.064087	0.051270	-0.040283	
6.62	0.078430	-0.058899	0.125122	-0.083618	0.059814	-0.065613	0.052490	-0.039063	
6.63	0.078125	-0.053101	0.123901	-0.081482	0.057983	-0.062866	0.052795	-0.044556	
6.64	0.077820	-0.054016	0.125427	-0.083923	0.061340	-0.064087	0.051880	-0.041504	
6.65	0.076904	-0.055237	0.125732	-0.084229	0.060730	-0.063477	0.051575	-0.041809	
6.66	0.078430	-0.054932	0.128479	-0.085449	0.061035	-0.064392	0.053406	-0.042419	
6.67	0.075684	-0.051270	0.123596	-0.082092	0.062256	-0.061951	0.051270	-0.042419	
6.68	0.079346	-0.053101	0.125122	-0.083923	0.060730	-0.064392	0.053406	-0.036926	
6.69	0.075989	-0.057068	0.125427	-0.082703	0.062866	-0.064697	0.052795	-0.041504	
6.70	0.079346	-0.053711	0.122986	-0.082092	0.061340	-0.061951	0.051270	-0.040588	
6.71	0.076904	-0.054626	0.126038	-0.085754	0.062256	-0.064392	0.052795	-0.041809	
6.72	0.076294	-0.058289	0.127258	-0.081787	0.062561	-0.061951	0.053101	-0.043335	
6.73	0.075989	-0.053101	0.126038	-0.082092	0.060730	-0.060425	0.050354	-0.039978	
6.74	0.078125	-0.058289	0.127563	-0.080872	0.060120	-0.066833	0.052185	-0.042725	
6.75	0.078125	-0.054626	0.125122	-0.083313	0.059814	-0.065002	0.048828	-0.040588	
6.76	0.080566	-0.053711	0.123596	-0.082092	0.061035	-0.060425	0.051880	-0.043945	
6.77	0.077209	-0.052185	0.124207	-0.083923	0.061035	-0.064392	0.046997	-0.041504	
6.78	0.079041	-0.053711	0.127563	-0.084839	0.062561	-0.064392	0.052185	-0.043335	
6.79	0.076294	-0.053406	0.124207	-0.082703	0.059509	-0.063171	0.051880	-0.042419	
6.80	0.076904	-0.053406	0.124207	-0.085144	0.064697	-0.066833	0.052185	-0.042725	
6.81	0.077515	-0.053406	0.121460	-0.084534	0.058899	-0.061646	0.052795	-0.042725	
6.82	0.075684	-0.054626	0.125732	-0.083618	0.058899	-0.062866	0.048828	-0.041809	
6.83	0.075684	-0.058289	0.122986	-0.082703	0.062866	-0.067749	0.050354	-0.043030	
6.84	0.077820	-0.056152	0.123596	-0.082703	0.057678	-0.065002	0.053711	-0.040588	
6.85	0.075684	-0.055542	0.126648	-0.086975	0.061646	-0.064087	0.051575	-0.043030	
6.86	0.077209	-0.050659	0.120850	-0.084839	0.061340	-0.064392	0.051880	-0.041199	
6.87	0.073547	-0.055847	0.127563	-0.083008	0.060425	-0.065613	0.051575	-0.040283	
6.88	0.076904	-0.055237	0.123596	-0.083618	0.057983	-0.063171	0.055237	-0.041809	
6.89	0.077209	-0.052185	0.123596	-0.085754	0.061646	-0.065002	0.053406	-0.042114	
6.90	0.078125	-0.054626	0.122986	-0.084534	0.062256	-0.061646	0.053711	-0.040894	
6.91	0.079651	-0.053711	0.126343	-0.084229	0.060730	-0.063171	0.054016	-0.043030	
6.92	0.073853	-0.053711	0.123596	-0.083008	0.059814	-0.063477	0.053101	-0.043945	
6.93	0.078125	-0.054016	0.126648	-0.085144	0.057983	-0.065002	0.051880	-0.043030	
6.94	0.075684	-0.054321	0.128174	-0.081787	0.059204	-0.063171	0.051270	-0.041199	
6.95	0.078125	-0.054626	0.126038	-0.083923	0.059814	-0.062561	0.053711	-0.042725	
6.96	0.079346	-0.054321	0.123901	-0.084229	0.061035	-0.062866	0.052185	-0.042725	
6.97	0.077515	-0.058289	0.124817	-0.084839	0.064087	-0.061646	0.053101	-0.041199	
6.98	0.077515	-0.056458	0.124512	-0.079346	0.059814	-0.064392	0.051270	-0.046997	
6.99	0.077820	-0.056152	0.122070	-0.085449	0.059509	-0.066223	0.050354	-0.046692	
7.00	0.075378	-0.053101	0.122375	-0.083923	0.061035	-0.063171	0.054321	-0.042725	
7.01	0.075073	-0.052185	0.124817	-0.083313	0.058594	-0.065613	0.051575	-0.042114	
7.02	0.075073	-0.054016	0.123291	-0.083313	0.064697	-0.061340	0.049744	-0.044250	
7.03	0.077515	-0.051575	0.123596	-0.085449	0.061340	-0.066223	0.051270	-0.039978	
7.04	0.074768	-0.054932	0.122375	-0.081177	0.059509	-0.064392	0.056152	-0.042419	
7.05	0.078735	-0.053711	0.123901	-0.086060	0.058289	-0.063782	0.051270	-0.040283	
7.06	0.075989	-0.056763	0.122070	-0.080566	0.062256	-0.065613	0.051880	-0.041199	
7.07	0.078430	-0.052795	0.124817	-0.084229	0.059814	-0.066223	0.055847	-0.043030	
7.08	0.075989	-0.051575	0.124817	-0.083313	0.061340	-0.063782	0.051880	-0.042419	
7.09	0.079651	-0.053101	0.123901	-0.084839	0.061035	-0.061035	0.054932	-0.041809	
7.10	0.077515	-0.053406	0.125427	-0.082092	0.065308	-0.064392	0.052490	-0.039368	
7.11	0.077820	-0.052795	0.124817	-0.083008	0.059204	-0.061646	0.051575	-0.042725	
7.12	0.075989	-0.053101	0.127563	-0.085449	0.064697	-0.060730	0.051575	-0.039978	
7.13	0.080261	-0.054932	0.122375	-0.080261	0.063782	-0.064697	0.052185	-0.044250	
7.14	0.080566	-0.057373	0.123901	-0.086365	0.060425	-0.063477	0.054626	-0.041199	
7.15	0.076904	-0.053101	0.124512	-0.082703	0.059509	-0.064697	0.052490	-0.043335	
7.16	0.078125	-0.054321	0.122375	-0.084229	0.062561	-0.063477	0.049133	-0.038452	
7.17	0.079041	-0.053711	0.123596	-0.084534	0.061035	-0.062866	0.051880	-0.042114	
7.18	0.079041	-0.053101	0.122681	-0.082092	0.059814	-0.061340	0.052490	-0.040588	
7.19	0.079956	-0.053406	0.123291	-0.083618	0.061646	-0.061951	0.050659	-0.041809	
7.20	0.079346	-0.052795	0.122986	-0.082397	0.065308	-0.065002	0.054626	-0.042114	
7.21	0.078430	-0.052795	0.125427	-0.083923	0.059814	-0.063782	0.053711	-0.041199	
7.22	0.075684	-0.054016	0.122070	-0.084839	0.063477	-0.064087	0.051575	-0.045166	
7.23	0.080872	-0.052795	0.123596	-0.083923	0.059509	-0.064392	0.053711	-0.039978	
7.24	0.077209	-0.058289	0.123901	-0.084229	0.062866	-0.068665	0.053101	-0.042725	
7.25	0.078430	-0.053711	0.123596	-0.084229	0.057373	-0.063782	0.052490	-0.046692	
7.26	0.077209	-0.052490	0.122986	-0.084229	0.064697	-0.063477	0.052490	-0.042725	
7.27	0.076904	-0.054626	0.125732	-0.083313	0.060425	-0.067444	0.052490	-0.042114	
7.28	0.075989	-0.057678	0.125427	-0.081787	0.056763	-0.065002	0.052490	-0.041809	
7.29	0.080872	-0.054932	0.125427	-0.087585	0.061035	-0.065613	0.054016	-0.043335	
7.30	0.080566	-0.051880	0.120544	-0.083923	0.061035	-0.064392	0.051270	-0.041504	
7.31	0.076904	-0.053711	0.122681	-0.087891	0.060425	-0.066833	0.053711	-0.040588	
7.32	0.077209	-0.055847	0.122681	-0.085144	0.059814	-0.063171	0.052185	-0.043335	
7.33	0.078430	-0.054626	0.124512	-0.085144	0.062256	-0.061951	0.050049	-0.043335	
7.34	0.076599	-0.051880	0.125427	-0.082703	0.060730	-0.064392	0.057373	-0.042725	
7.35	0.077820	-0.058289	0.126343	-0.084534	0.057678	-0.063171	0.054626	-0.040283	
7.36	0.075378	-0.054321	0.122070	-0.083618	0.062561	-0.063171	0.053101	-0.041504	
7.37	0.080872	-0.056458	0.124817	-0.082703	0.061340	-0.062256	0.052795	-0.040283	
7.38	0.079956	-0.057678	0.122070	-0.083313	0.062256	-0.064087	0.052490	-0.042725	
7.39	0.073242	-0.052185	0.121155	-0.083923	0.061646	-0.059814	0.050049	-0.047302	
7.40	0.080261	-0.054016	0.122375	-0.083313	0.063477	-0.063477	0.053711	-0.039063	
7.41	0.078735	-0.056152	0.126038	-0.079651	0.058899	-0.065613	0.053711	-0.040283	
7.42	0.079346	-0.055237	0.125732	-0.079651	0.061951	-0.061646	0.053101	-0.040588	
7.43	0.079956	-0.054626	0.123596	-0.083313	0.061035	-0.062866	0.050964	-0.043945	
7.44	0.078125	-0.052795	0.121765	-0.084839	0.062866	-0.059509	0.049133	-0.040894	
7.45	0.076904	-0.054321	0.125427	-0.086365	0.057983	-0.064697	0.053101	-0.042419	
7.46	0.077515	-0.053406	0.124207	-0.083618	0.061035	-0.060730	0.051880	-0.041504	
7.47	0.078430	-0.052795	0.126038	-0.083618	0.061646	-0.065613	0.050659	-0.043640	
7.48	0.079041	-0.054016	0.119934	-0.078735	0.061035	-0.064087	0.052795	-0.039063	
7.49	0.077820	-0.057068	0.122375	-0.083313	0.057983	-0.062256	0.049744	-0.042419	
7.50	0.074463	-0.053406	0.120850	-0.083923	0.059509	-0.063171	0.050049	-0.040588	
7.51	0.079956	-0.057068	0.119629	-0.083313	0.058594	-0.064087	0.048218	-0.041199	
7.52	0.078125	-0.053406	0.122681	-0.084839	0.060120	-0.066223	0.052490	-0.041199	
7.53	0.080566	-0.050964	0.122375	-0.082092	0.058594	-0.062256	0.051880	-0.042725	
7.54	0.077515	-0.053406	0.121765	-0.087891	0.061646	-0.065308	0.055237	-0.041199	
7.55	0.073242	-0.053711	0.124512	-0.081482	0.059204	-0.061340	0.054321	-0.040894	
7.56	0.078735	-0.051575	0.125122	-0.084534	0.061035	-0.062866	0.050049	-0.044556	
7.57	0.078125	-0.055847	0.122070	-0.083313	0.061340	-0.064392	0.051880	-0.042725	
7.58	0.076294	-0.054932	0.126038	-0.084229	0.056152	-0.061340	0.052795	-0.042419	
7.59	0.077515	-0.052490	0.126038	-0.082397	0.059204	-0.064697	0.049744	-0.042114	
7.60	0.077820	-0.055237	0.121460	-0.085144	0.061646	-0.063782	0.052795	-0.042419	
7.61	0.077515	-0.054016	0.124207	-0.086365	0.061035	-0.062256	0.052185	-0.041199	
7.62	0.074768	-0.050964	0.124207	-0.082397	0.059204	-0.061646	0.051575	-0.043640	
7.63	0.077515	-0.058289	0.122681	-0.081787	0.063477	-0.062866	0.050964	-0.041199	
7.64	0.076294	-0.051575	0.121155	-0.085449	0.059814	-0.063477	0.054016	-0.041199	
7.65	0.074463	-0.053711	0.126953	-0.084229	0.061035	-0.062561	0.052185	-0.043030	
7.66	0.076904	-0.050964	0.122681	-0.082397	0.063477	-0.060730	0.049133	-0.039978	
7.67	0.077820	-0.053711	0.127258	-0.082397	0.058899	-0.064087	0.051575	-0.037842	
7.68	0.081177	-0.054016	0.122070	-0.083923	0.067444	-0.061646	0.051270	-0.042114	
7.69	0.078125	-0.055847	0.126038	-0.083923	0.062866	-0.063477	0.052795	-0.039978	
7.70	0.077515	-0.053406	0.119019	-0.082092	0.062561	-0.064087	0.052185	-0.042419	
7.71	0.077820	-0.053711	0.124817	-0.084534	0.061951	-0.061340	0.051880	-0.043335	
7.72	0.077515	-0.054932	0.126953	-0.084534	0.059204	-0.063171	0.051270	-0.043335	
7.73	0.076904	-0.052185	0.122070	-0.080872	0.057983	-0.064392	0.052795	-0.041809	
7.74	0.079651	-0.057068	0.122375	-0.082397	0.061340	-0.064392	0.053101	-0.039368	
7.75	0.076599	-0.050964	0.123596	-0.084534	0.059814	-0.063171	0.052490	-0.043640	
7.76	0.076294	-0.053711	0.122681	-0.082703	0.060730	-0.063782	0.050354	-0.039673	
7.77	0.075073	-0.054932	0.121765	-0.081787	0.060425	-0.062561	0.052185	-0.042114	
7.78	0.077820	-0.055542	0.123291	-0.079956	0.061340	-0.061951	0.050659	-0.038757	
7.79	0.078735	-0.053711	0.122375	-0.082703	0.060730	-0.062866	0.050659	-0.042419	
7.80	0.077820	-0.051880	0.124512	-0.084839	0.058594	-0.064392	0.051575	-0.042419	
7.81	0.078125	-0.052795	0.125122	-0.083008	0.057678	-0.064392	0.054626	-0.039978	
7.82	0.076294	-0.055237	0.122681	-0.084534	0.060730	-0.060730	0.051575	-0.045471	
7.83	0.079956	-0.055542	0.121460	-0.084229	0.060120	-0.064392	0.054321	-0.040894	
7.84	0.074768	-0.054016	0.125732	-0.082397	0.057068	-0.063782	0.053711	-0.042725	
7.85	0.074463	-0.054626	0.123596	-0.081787	0.061646	-0.064087	0.052795	-0.041809	
7.86	0.077209	-0.056763	0.125427	-0.086670	0.061035	-0.064697	0.051270	-0.043030	
7.87	0.077515	-0.056763	0.120850	-0.081787	0.059509	-0.065613	0.051880	-0.041809	
7.88	0.079956	-0.056152	0.124817	-0.085449	0.058289	-0.065002	0.054932	-0.043030	
7.89	0.077515	-0.050049	0.123901	-0.081482	0.059509	-0.061951	0.053101	-0.039673	
7.90	0.079346	-0.055237	0.122070	-0.081482	0.062561	-0.064392	0.054321	-0.040588	
7.91	0.079651	-0.054932	0.122681	-0.081177	0.063171	-0.062866	0.053101	-0.040588	
7.92	0.075378	-0.050354	0.124512	-0.084229	0.060425	-0.058899	0.051270	-0.042725	
7.93	0.080261	-0.053406	0.118103	-0.079956	0.079956	-0.044250	0.027771	-0.049438	
7.94	0.104980	-0.063171	0.085754	-0.031433	0.475769	0.350952	-0.221863	-0.236816	
7.95	0.216980	-0.043335	0.206299	0.121765	0.709839	0.355225	-0.093384	-0.032654	
7.96	0.244446	-0.094604	0.110168	0.119934	0.657043	0.312805	-0.171509	-0.091858	
7.97	0.277100	-0.043335	-0.064087	-0.082092	0.521240	0.277100	-0.059204	-0.026245	
7.98	0.199585	-0.048218	-0.168762	-0.230408	0.540161	0.293579	-0.045776	-0.053711	
7.99	0.126038	-0.057983	-0.097351	-0.211182	0.513306	0.363770	0.012817	-0.038757	
8.00	0.059509	-0.021667	-0.037231	-0.193787	0.610657	0.467834	0.050354	-0.000610	
8.01	0.050659	-0.037537	-0.108337	-0.196533	0.640869	0.455627	0.057068	0.028076	
8.02	0.067749	-0.058289	-0.172729	-0.227051	0.613708	0.457458	0.093384	0.060730	
8.03	0.028992	-0.028076	-0.153503	-0.262756	0.619202	0.483093	0.119324	0.065002	
8.04	-0.016479	-0.023193	-0.125732	-0.271606	0.621033	0.502930	0.146179	0.071411	
8.05	-0.052795	-0.042419	-0.121460	-0.285034	0.610657	0.526733	0.178528	0.078735	
8.06	-0.085144	-0.040283	-0.114136	-0.290527	0.613098	0.554199	0.193176	0.082703	
8.07	-0.102844	-0.037842	-0.083313	-0.285645	0.625000	0.574646	0.205688	0.087280	
8.08	-0.125122	-0.034485	-0.064087	-0.273743	0.631104	0.595398	0.217285	0.089417	
8.09	-0.132141	-0.034485	-0.041199	-0.258179	0.628967	0.592346	0.221558	0.101013	
8.10	-0.131836	-0.028381	-0.029907	-0.252380	0.611267	0.567627	0.236816	0.115662	
8.11	-0.125732	-0.022583	-0.020752	-0.244141	0.581360	0.543823	0.253296	0.133362	
8.12	-0.123291	-0.014954	0.000916	-0.238647	0.561829	0.523376	0.272827	0.156555	
8.13	-0.124512	-0.010376	0.012512	-0.220947	0.528259	0.496826	0.296021	0.177917	
8.14	-0.116272	-0.007629	0.028687	-0.209656	0.492554	0.460205	0.321655	0.203552	
8.15	-0.119019	-0.006714	0.031128	-0.207825	0.444336	0.415955	0.350037	0.229797	
8.16	-0.106812	-0.002747	0.030212	-0.198669	0.394287	0.371399	0.375366	0.255432	
8.17	-0.106812	-0.005188	0.036316	-0.190430	0.343933	0.328674	0.406494	0.275574	
8.18	-0.109558	-0.013428	0.035706	-0.177002	0.290833	0.293274	0.434875	0.293274	
8.19	-0.100708	-0.017700	0.034485	-0.160522	0.247803	0.254517	0.457764	0.319824	
8.20	-0.083618	-0.021057	0.028076	-0.137939	0.207520	0.212402	0.474854	0.347595	
8.21	-0.067139	-0.029907	0.021057	-0.119934	0.166016	0.174561	0.501709	0.373535	
8.22	-0.057983	-0.033875	0.014038	-0.107727	0.127563	0.138245	0.532532	0.393677	
8.23	-0.043335	-0.040588	0.011292	-0.086670	0.086670	0.108337	0.561829	0.425720	
8.24	-0.032043	-0.051880	-0.000610	-0.072937	0.046692	0.069580	0.599365	0.449829	
8.25	-0.018005	-0.067139	-0.002441	-0.060425	0.010681	0.038452	0.633240	0.476990	
8.26	-0.005188	-0.075989	-0.007324	-0.047607	-0.020752	0.013123	0.662842	0.507202	
8.27	0.008850	-0.089417	-0.014954	-0.029602	-0.043640	-0.010986	0.697632	0.537415	
8.28	0.020752	-0.101013	-0.014954	-0.016174	-0.061340	-0.031433	0.726929	0.564270	
8.29	0.028687	-0.110779	-0.016785	-0.000610	-0.076904	-0.046692	0.756531	0.596619	
8.30	0.039978	-0.121155	-0.015869	0.011292	-0.089722	-0.056152	0.784302	0.625305	
8.31	0.040894	-0.129700	-0.013123	0.025635	-0.099792	-0.072327	0.816345	0.661621	
8.32	0.045471	-0.136108	-0.002441	0.034485	-0.110168	-0.080872	0.843506	0.697327	
8.33	0.052185	-0.137939	0.008850	0.048218	-0.110779	-0.093384	0.864563	0.736084	
8.34	0.061951	-0.139465	0.016174	0.062866	-0.111694	-0.105896	0.887756	0.773926	
8.35	0.073853	-0.148621	0.033264	0.085754	-0.114136	-0.116882	0.906372	0.811157	
8.36	0.080872	-0.151062	0.050659	0.100708	-0.112305	-0.128174	0.924683	0.838013	
8.37	0.093079	-0.157471	0.067749	0.119019	-0.109863	-0.138245	0.939026	0.873108	
8.38	0.096436	-0.162048	0.078735	0.139160	-0.109558	-0.149841	0.956421	0.900879	
8.39	0.101624	-0.169373	0.098877	0.154114	-0.118408	-0.155945	0.976563	0.924988	
8.40	0.102844	-0.172424	0.116272	0.169373	-0.120544	-0.164795	0.988159	0.946045	
8.41	0.101624	-0.176086	0.129700	0.183716	-0.124512	-0.174255	1.004333	0.968933	
8.42	0.100708	-0.179443	0.147705	0.202942	-0.127563	-0.184326	1.009827	0.977173	
8.43	0.096130	-0.182800	0.169373	0.212402	-0.131226	-0.189209	1.010132	0.981445	
8.44	0.092773	-0.184326	0.191956	0.222778	-0.134888	-0.195923	1.004333	0.981750	
8.45	0.081482	-0.179138	0.209351	0.235291	-0.136108	-0.202637	0.995789	0.974121	
8.46	0.071106	-0.180969	0.232544	0.246277	-0.138245	-0.203247	0.982361	0.964966	
8.47	0.062256	-0.173950	0.250854	0.250549	-0.134277	-0.208740	0.953064	0.946960	
8.48	0.055542	-0.168457	0.274048	0.253601	-0.129700	-0.214844	0.922546	0.930481	
8.49	0.054626	-0.156860	0.298157	0.252991	-0.123596	-0.221558	0.882568	0.907898	
8.50	0.045471	-0.145264	0.312195	0.248413	-0.114746	-0.225220	0.840454	0.876465	
8.51	0.050964	-0.132751	0.333557	0.243530	-0.108337	-0.234070	0.786133	0.847168	
8.52	0.047607	-0.111694	0.354919	0.228882	-0.087891	-0.235291	0.722656	0.801697	
8.53	0.046082	-0.080566	0.368958	0.202332	-0.074158	-0.242920	0.643921	0.738220	
8.54	0.044861	-0.046692	0.383606	0.164795	-0.046997	-0.244446	0.562744	0.672913	
8.55	0.046082	-0.010681	0.384521	0.122070	-0.025940	-0.238953	0.480957	0.584717	
8.56	0.049133	0.018311	0.380249	0.070190	-0.008240	-0.229797	0.398865	0.488586	
8.57	0.053101	0.036621	0.352173	0.013733	0.014648	-0.220032	0.318298	0.380554	
8.58	0.061340	0.034790	0.298767	-0.043335	0.020752	-0.205383	0.256042	0.281982	
8.59	0.065002	0.013733	0.246277	-0.074158	0.029297	-0.176392	0.207214	0.190125	
8.60	0.068359	-0.000916	0.219421	-0.079956	0.033264	-0.140686	0.164795	0.106506	
8.61	0.072021	-0.029297	0.183105	-0.074768	0.044556	-0.117493	0.126953	0.045471	
8.62	0.083618	-0.053406	0.156250	-0.081482	0.054321	-0.098572	0.104675	0.005188	
8.63	0.087280	-0.069580	0.140076	-0.083923	0.059814	-0.085754	0.083008	-0.025635	
8.64	0.087891	-0.075989	0.133972	-0.092163	0.066223	-0.075073	0.067444	-0.048523	
8.65	0.088806	-0.064392	0.144043	-0.097046	0.070496	-0.074463	0.063782	-0.051880	
8.66	0.084839	-0.063782	0.143433	-0.099487	0.070190	-0.075684	0.065613	-0.050049	
8.67	0.085449	-0.062866	0.139465	-0.095215	0.065918	-0.071411	0.064087	-0.047302	
8.68	0.085754	-0.064392	0.143127	-0.099182	0.072937	-0.071716	0.062256	-0.050354	
8.69	0.086975	-0.065002	0.139771	-0.100708	0.074463	-0.072937	0.065918	-0.050659	
8.70	0.088196	-0.062866	0.137939	-0.100708	0.070801	-0.071106	0.064697	-0.051270	
8.71	0.087585	-0.063782	0.142212	-0.101013	0.071411	-0.071106	0.062866	-0.053406	
8.72	0.086975	-0.061340	0.142212	-0.099792	0.073242	-0.069885	0.062256	-0.053101	
8.73	0.087280	-0.065308	0.140686	-0.098877	0.069580	-0.077209	0.063782	-0.050354	
8.74	0.088196	-0.064697	0.144348	-0.101929	0.066833	-0.074463	0.065613	-0.051880	
8.75	0.088196	-0.063171	0.140076	-0.101013	0.069580	-0.073547	0.065308	-0.050354	
8.76	0.086365	-0.065308	0.140991	-0.098572	0.070801	-0.073242	0.063477	-0.052185	
8.77	0.086670	-0.067139	0.140076	-0.099792	0.069885	-0.073547	0.062866	-0.050354	
8.78	0.086975	-0.063477	0.141602	-0.101013	0.070190	-0.075989	0.065308	-0.051575	
8.79	0.088806	-0.065002	0.140076	-0.102844	0.072937	-0.075073	0.061951	-0.054016	
8.80	0.086365	-0.062866	0.139771	-0.098877	0.072632	-0.077209	0.062561	-0.050354	
8.81	0.086670	-0.063477	0.139465	-0.096741	0.067749	-0.071716	0.062561	-0.051880	
8.82	0.084839	-0.061035	0.141602	-0.103455	0.068359	-0.072021	0.063477	-0.053711	
8.83	0.086975	-0.063477	0.139771	-0.099182	0.072632	-0.073547	0.061340	-0.051575	
8.84	0.090332	-0.063782	0.143433	-0.103149	0.070801	-0.073547	0.064392	-0.054016	
8.85	0.086060	-0.062256	0.142212	-0.103760	0.067749	-0.075073	0.063782	-0.054016	
8.86	0.086365	-0.061951	0.141296	-0.103760	0.070496	-0.071106	0.059204	-0.052490	
8.87	0.086670	-0.063477	0.140991	-0.102844	0.070801	-0.076599	0.061646	-0.052795	
8.88	0.086060	-0.061951	0.139465	-0.099792	0.069275	-0.072327	0.063171	-0.052795	
8.89	0.087891	-0.061340	0.140381	-0.101624	0.072021	-0.073853	0.062561	-0.050354	
8.90	0.090332	-0.062866	0.138550	-0.101013	0.073242	-0.072632	0.062866	-0.052795	
8.91	0.088806	-0.065918	0.141602	-0.101318	0.073547	-0.075378	0.061646	-0.052185	
8.92	0.086670	-0.062256	0.140686	-0.101624	0.070801	-0.071716	0.063171	-0.053406	
8.93	0.089722	-0.061340	0.139160	-0.101929	0.070190	-0.070801	0.062866	-0.053406	
8.94	0.086060	-0.061951	0.139771	-0.105286	0.073853	-0.072632	0.062866	-0.053101	
8.95	0.088196	-0.062561	0.140686	-0.104065	0.071106	-0.069275	0.063477	-0.050964	
8.96	0.086975	-0.064087	0.144958	-0.101929	0.069885	-0.075989	0.065918	-0.053406	
8.97	0.086365	-0.059509	0.143127	-0.099792	0.072021	-0.074463	0.062866	-0.050964	
8.98	0.088806	-0.066223	0.141907	-0.100098	0.072327	-0.075989	0.063171	-0.050659	
8.99	0.087585	-0.061646	0.139771	-0.100708	0.070801	-0.074463	0.060425	-0.051880	
9.00	0.089722	-0.063477	0.143738	-0.102234	0.068665	-0.072937	0.062561	-0.052795	
9.01	0.086670	-0.063477	0.141602	-0.101624	0.069275	-0.075073	0.061646	-0.056152	
9.02	0.088501	-0.066833	0.143127	-0.103455	0.068665	-0.070190	0.063171	-0.049133	
9.03	0.086060	-0.064392	0.143738	-0.101624	0.069885	-0.075073	0.065002	-0.050964	
9.04	0.085144	-0.062256	0.139160	-0.101929	0.070801	-0.073547	0.064392	-0.053711	
9.05	0.086670	-0.065918	0.139465	-0.104370	0.069580	-0.073547	0.063782	-0.052185	
9.06	0.085449	-0.065308	0.141602	-0.099487	0.070496	-0.074768	0.061951	-0.051880	
9.07	0.087585	-0.064392	0.142517	-0.101318	0.068359	-0.074768	0.062256	-0.052185	
9.08	0.086060	-0.065308	0.143433	-0.103455	0.071106	-0.078430	0.063782	-0.053406	
9.09	0.087280	-0.063477	0.139160	-0.099487	0.073547	-0.074768	0.060120	-0.053711	
9.10	0.088196	-0.061035	0.140991	-0.101013	0.071716	-0.074768	0.061951	-0.050964	
9.11	0.085754	-0.065308	0.138550	-0.104980	0.072021	-0.071716	0.061646	-0.054932	
9.12	0.087280	-0.065308	0.141907	-0.101013	0.070190	-0.073547	0.062256	-0.053711	
9.13	0.086975	-0.059814	0.138550	-0.099182	0.070496	-0.074158	0.062866	-0.050659	
9.14	0.090027	-0.061951	0.143433	-0.101929	0.070801	-0.072937	0.063477	-0.052795	
9.15	0.085144	-0.060120	0.140686	-0.103149	0.071716	-0.072021	0.062561	-0.054626	
9.16	0.087891	-0.062561	0.139465	-0.099792	0.069885	-0.074768	0.062561	-0.049744	
9.17	0.084839	-0.067444	0.142822	-0.100708	0.073242	-0.074463	0.063477	-0.053406	
9.18	0.084839	-0.064697	0.142212	-0.099182	0.067444	-0.073853	0.061951	-0.052795	
9.19	0.086060	-0.060730	0.140991	-0.099487	0.069885	-0.073853	0.060425	-0.051270	
9.20	0.087585	-0.063782	0.141907	-0.096741	0.070496	-0.075684	0.063477	-0.050964	
9.21	0.087280	-0.062561	0.141907	-0.101624	0.072327	-0.076294	0.063477	-0.050354	
9.22	0.086670	-0.064392	0.139465	-0.101929	0.071106	-0.073242	0.063477	-0.055237	
9.23	0.088196	-0.065918	0.141602	-0.100708	0.071411	-0.072021	0.060730	-0.051880	
9.24	0.085754	-0.061646	0.140076	-0.101929	0.072021	-0.070190	0.060120	-0.052185	
9.25	0.084229	-0.061646	0.142212	-0.102844	0.070190	-0.070496	0.062866	-0.052185	
9.26	0.086670	-0.061951	0.142212	-0.100098	0.068359	-0.068054	0.061951	-0.054321	
9.27	0.085449	-0.062256	0.139771	-0.100403	0.071411	-0.073547	0.061951	-0.053406	
9.28	0.087280	-0.064087	0.141296	-0.101318	0.068970	-0.073242	0.061951	-0.053711	
9.29	0.088196	-0.063782	0.140991	-0.102844	0.067444	-0.073853	0.062561	-0.054626	
9.30	0.086060	-0.060425	0.138245	-0.098267	0.068970	-0.075073	0.061646	-0.052795	
9.31	0.087585	-0.065002	0.140991	-0.101929	0.071411	-0.073547	0.061951	-0.053711	
9.32	0.089111	-0.064697	0.137634	-0.101929	0.072632	-0.074768	0.064392	-0.051575	
9.33	0.086365	-0.062866	0.141296	-0.101929	0.070190	-0.075378	0.061646	-0.053406	
9.34	0.084839	-0.062561	0.138245	-0.101929	0.071716	-0.073547	0.063477	-0.054932	
9.35	0.089111	-0.065308	0.137634	-0.099487	0.070496	-0.075684	0.061035	-0.051270	
9.36	0.089417	-0.063782	0.141602	-0.101624	0.070496	-0.073547	0.061646	-0.052185	
9.37	0.088196	-0.062256	0.142517	-0.103760	0.071411	-0.071716	0.062256	-0.054321	
9.38	0.087585	-0.065002	0.139465	-0.099487	0.070801	-0.073547	0.061035	-0.051575	
9.39	0.087585	-0.065308	0.138855	-0.102234	0.071411	-0.072632	0.061340	-0.054932	
9.40	0.087280	-0.064392	0.143738	-0.100708	0.067444	-0.072327	0.063477	-0.051575	
9.41	0.086670	-0.060425	0.140686	-0.102539	0.067749	-0.072632	0.067444	-0.051270	
9.42	0.086365	-0.065613	0.137634	-0.100708	0.069580	-0.073547	0.061035	-0.048828	
9.43	0.086365	-0.066833	0.142517	-0.099792	0.071106	-0.073547	0.061035	-0.050964	
9.44	0.086670	-0.063477	0.142517	-0.102539	0.070801	-0.076294	0.063477	-0.052490	
9.45	0.089417	-0.066223	0.140686	-0.100098	0.072937	-0.075684	0.060730	-0.052795	
9.46	0.090332	-0.063477	0.140686	-0.104370	0.074463	-0.076294	0.063171	-0.051270	
9.47	0.090637	-0.062256	0.139160	-0.099182	0.067749	-0.072937	0.063477	-0.053101	
9.48	0.087891	-0.063782	0.140381	-0.104980	0.072632	-0.074158	0.063477	-0.053101	
9.49	0.086365	-0.060120	0.140991	-0.102234	0.069275	-0.073853	0.063171	-0.053711	
9.50	0.088806	-0.063477	0.138550	-0.097961	0.073853	-0.072632	0.062256	-0.050354	
9.51	0.088501	-0.064392	0.140381	-0.097961	0.069885	-0.073853	0.063477	-0.056152	
9.52	0.088806	-0.063171	0.141602	-0.100708	0.071411	-0.072021	0.061340	-0.051880	
9.53	0.083923	-0.062866	0.143433	-0.097961	0.072632	-0.075073	0.063477	-0.052185	
9.54	0.090027	-0.062866	0.141907	-0.101013	0.071411	-0.075684	0.062866	-0.050354	
9.55	0.086365	-0.065613	0.139160	-0.101929	0.071106	-0.073242	0.065613	-0.052490	
9.56	0.082092	-0.064392	0.141907	-0.100403	0.070496	-0.073853	0.062561	-0.052185	
9.57	0.086670	-0.064697	0.140686	-0.104980	0.072937	-0.074768	0.061646	-0.053101	
9.58	0.087891	-0.061646	0.139771	-0.096741	0.073242	-0.074158	0.062866	-0.054626	
9.59	0.089417	-0.066223	0.139771	-0.100708	0.070190	-0.071716	0.060425	-0.053406	
9.60	0.084229	-0.060730	0.143433	-0.104370	0.072021	-0.073853	0.062561	-0.055847	
9.61	0.089111	-0.065613	0.141296	-0.098877	0.069580	-0.074463	0.063477	-0.052490	
9.62	0.088501	-0.063782	0.142212	-0.099792	0.071411	-0.076904	0.064697	-0.052185	
9.63	0.084229	-0.067139	0.141296	-0.099182	0.067444	-0.072327	0.064392	-0.052795	
9.64	0.086670	-0.063171	0.143738	-0.106812	0.071106	-0.074158	0.062866	-0.051575	
9.65	0.086060	-0.062866	0.140991	-0.100403	0.068054	-0.077515	0.064087	-0.052795	
9.66	0.086670	-0.066833	0.143738	-0.099792	0.070496	-0.074158	0.063477	-0.052490	
9.67	0.087585	-0.060120	0.138855	-0.101624	0.070190	-0.074158	0.064087	-0.052490	
9.68	0.087280	-0.065308	0.136719	-0.101013	0.070801	-0.074768	0.061340	-0.049744	
9.69	0.088196	-0.065002	0.138550	-0.100708	0.071716	-0.074158	0.063171	-0.053711	
9.70	0.086670	-0.063171	0.139465	-0.101318	0.073547	-0.072327	0.062866	-0.055237	
9.71	0.086060	-0.064087	0.139160	-0.102234	0.067749	-0.074158	0.059814	-0.053711	
9.72	0.087280	-0.065002	0.140991	-0.100403	0.070496	-0.072021	0.062866	-0.054321	
9.73	0.088501	-0.064087	0.144958	-0.100708	0.070190	-0.074158	0.061951	-0.052795	
9.74	0.087280	-0.059814	0.143127	-0.102844	0.071716	-0.073242	0.063782	-0.054321	
9.75	0.086670	-0.064697	0.140076	-0.101318	0.069885	-0.074768	0.061340	-0.050659	
9.76	0.088501	-0.067139	0.140076	-0.099792	0.072327	-0.075684	0.061646	-0.049744	
9.77	0.086365	-0.065613	0.142212	-0.101013	0.071411	-0.073242	0.061646	-0.052795	
9.78	0.084839	-0.065613	0.139771	-0.100403	0.072021	-0.072632	0.061951	-0.053406	
9.79	0.088501	-0.062256	0.140686	-0.102844	0.069885	-0.073547	0.063477	-0.053711	
9.80	0.085144	-0.065002	0.143433	-0.099792	0.069885	-0.074158	0.064087	-0.052795	
9.81	0.087280	-0.065613	0.141296	-0.099487	0.069580	-0.074463	0.064087	-0.055542	
9.82	0.086975	-0.065918	0.140076	-0.101013	0.071106	-0.075073	0.062866	-0.053101	
9.83	0.088806	-0.065613	0.139160	-0.101929	0.073242	-0.075378	0.062256	-0.055542	
9.84	0.087585	-0.064087	0.142822	-0.100098	0.073242	-0.074768	0.065613	-0.053101	
9.85	0.086365	-0.062256	0.141602	-0.100708	0.072327	-0.076599	0.061951	-0.050659	
9.86	0.088196	-0.062866	0.140686	-0.097961	0.071411	-0.075684	0.064697	-0.052795	
9.87	0.087280	-0.067444	0.143127	-0.101624	0.072937	-0.073547	0.064697	-0.052490	
9.88	0.086975	-0.064392	0.141602	-0.101318	0.075378	-0.075989	0.062561	-0.054626	
9.89	0.093994	-0.063171	0.140991	-0.102234	0.071411	-0.071716	0.065613	-0.052185	
9.90	0.087585	-0.068359	0.142822	-0.104675	0.074463	-0.075684	0.061951	-0.054932	
9.91	0.086060	-0.062866	0.141602	-0.101929	0.067444	-0.073242	0.065613	-0.050659	
9.92	0.089722	-0.062256	0.141907	-0.099792	0.071106	-0.074768	0.064087	-0.051880	
9.93	0.087891	-0.064697	0.141602	-0.099792	0.072632	-0.075378	0.068665	-0.051880	
9.94	0.089722	-0.062866	0.140076	-0.101624	0.076599	-0.074768	0.061035	-0.049133	
9.95	0.089417	-0.063171	0.142212	-0.100098	0.073547	-0.072021	0.061340	-0.051270	
9.96	0.088806	-0.062561	0.141907	-0.105591	0.071106	-0.072021	0.061340	-0.054932	
9.97	0.084839	-0.059509	0.141602	-0.104980	0.070190	-0.073547	0.062561	-0.051880	
9.98	0.086975	-0.065308	0.143738	-0.104675	0.070496	-0.077209	0.064697	-0.052795	
9.99	0.086670	-0.066833	0.141907	-0.101929	0.070496	-0.075378	0.069275	-0.053101	
10.00	0.086060	-0.065002	0.142517	-0.102539	0.070496	-0.077820	0.063477	-0.053101	
10.01	0.087585	-0.066223	0.140991	-0.100708	0.070801	-0.074768	0.063171	-0.051270	
10.02	0.086060	-0.067139	0.143738	-0.101929	0.070801	-0.076904	0.062256	-0.052185	
10.03	0.089111	-0.063171	0.144958	-0.103455	0.074463	-0.072327	0.064697	-0.052185	
10.04	0.089722	-0.065308	0.143127	-0.099182	0.072021	-0.076294	0.062866	-0.052185	
10.05	0.088196	-0.063782	0.144653	-0.099182	0.071411	-0.074158	0.061340	-0.050964	
10.06	0.086670	-0.064697	0.142822	-0.099487	0.072021	-0.075378	0.064392	-0.054321	
10.07	0.089417	-0.063477	0.139465	-0.101929	0.070496	-0.074158	0.059814	-0.049133	
10.08	0.088501	-0.067444	0.145569	-0.101929	0.071106	-0.077209	0.065308	-0.053406	
10.09	0.086670	-0.062561	0.142212	-0.097656	0.070496	-0.071106	0.061340	-0.052490	
10.10	0.088501	-0.063782	0.143433	-0.099792	0.074768	-0.074463	0.061646	-0.051880	
10.11	0.087585	-0.062866	0.139465	-0.098572	0.071106	-0.074768	0.063171	-0.055237	
10.12	0.086975	-0.065002	0.141907	-0.101013	0.070190	-0.071716	0.062866	-0.055237	
10.13	0.088501	-0.060425	0.139771	-0.102234	0.072632	-0.075378	0.065308	-0.052185	
10.14	0.086975	-0.064392	0.144653	-0.101013	0.068665	-0.074768	0.063171	-0.054321	
10.15	0.087891	-0.061646	0.142212	-0.105896	0.070801	-0.074158	0.062561	-0.054016	
10.16	0.088501	-0.065002	0.142822	-0.100098	0.073242	-0.073547	0.063782	-0.053711	
10.17	0.087280	-0.064392	0.141602	-0.102539	0.070801	-0.073242	0.064392	-0.049133	
10.18	0.087585	-0.065308	0.140076	-0.100403	0.072632	-0.072021	0.063171	-0.054932	
10.19	0.089722	-0.063171	0.142517	-0.101929	0.071716	-0.072632	0.060425	-0.050049	
10.20	0.088501	-0.064697	0.142517	-0.098267	0.072327	-0.072937	0.065308	-0.052185	
10.21	0.087585	-0.066528	0.145264	-0.100708	0.068970	-0.073547	0.062256	-0.055237	
10.22	0.089722	-0.063477	0.141907	-0.105286	0.071411	-0.068665	0.062561	-0.051575	
10.23	0.089722	-0.065308	0.140381	-0.103149	0.072632	-0.071716	0.063171	-0.051575	
10.24	0.086670	-0.064697	0.144043	-0.101929	0.072327	-0.076904	0.061646	-0.054932	
10.25	0.088196	-0.064087	0.143433	-0.102539	0.071716	-0.074463	0.060730	-0.055847	
10.26	0.090332	-0.063782	0.142517	-0.102234	0.075684	-0.070801	0.061951	-0.054626	
10.27	0.089417	-0.067444	0.142822	-0.102234	0.074463	-0.079346	0.062866	-0.052185	
10.28	0.087891	-0.064697	0.142212	-0.099182	0.073242	-0.074768	0.062866	-0.054321	
10.29	0.086365	-0.062256	0.140686	-0.100403	0.073547	-0.073853	0.061646	-0.054932	
10.30	0.087891	-0.065002	0.142517	-0.101624	0.073547	-0.074158	0.061340	-0.052185	
10.31	0.089111	-0.066223	0.139771	-0.101013	0.069885	-0.073547	0.062866	-0.052490	
10.32	0.087891	-0.061951	0.140991	-0.102234	0.070496	-0.071716	0.063782	-0.054626	
10.33	0.087891	-0.061340	0.141907	-0.102234	0.072021	-0.072327	0.060120	-0.053711	
10.34	0.088501	-0.063782	0.143127	-0.100403	0.072327	-0.071716	0.064697	-0.053406	
10.35	0.089417	-0.066528	0.143433	-0.100708	0.071411	-0.072021	0.062866	-0.053406	
10.36	0.089111	-0.063171	0.144043	-0.104980	0.073853	-0.073853	0.062256	-0.054626	
10.37	0.087280	-0.063782	0.144043	-0.101624	0.069885	-0.073547	0.064392	-0.051880	
10.38	0.085754	-0.065308	0.140076	-0.100403	0.070801	-0.074768	0.063477	-0.051575	
10.39	0.086670	-0.060730	0.143127	-0.099182	0.068665	-0.073547	0.062866	-0.052490	
10.40	0.089722	-0.062866	0.141602	-0.100708	0.073242	-0.073853	0.061951	-0.052795	
10.41	0.086975	-0.064087	0.140686	-0.099792	0.072937	-0.073547	0.065002	-0.053101	
10.42	0.086365	-0.066833	0.145569	-0.102539	0.068054	-0.075378	0.065308	-0.052795	
10.43	0.085144	-0.062256	0.144348	-0.097961	0.072021	-0.074463	0.061340	-0.054626	
10.44	0.086670	-0.064087	0.141296	-0.099487	0.072327	-0.075989	0.063171	-0.051270	
10.45	0.091858	-0.060730	0.143433	-0.101318	0.069275	-0.073853	0.062561	-0.052185	
10.46	0.083923	-0.061340	0.142212	-0.102234	0.072327	-0.072021	0.065308	-0.054016	
10.47	0.088196	-0.065918	0.139465	-0.102234	0.072632	-0.073853	0.059814	-0.051575	
10.48	0.087891	-0.064392	0.140686	-0.100098	0.069275	-0.074463	0.062561	-0.052795	
10.49	0.088196	-0.065918	0.139771	-0.104065	0.069580	-0.071411	0.060730	-0.053406	
10.50	0.087280	-0.061951	0.141907	-0.102844	0.071716	-0.073853	0.062866	-0.055542	
10.51	0.086670	-0.063782	0.141907	-0.101013	0.070801	-0.075989	0.061035	-0.054016	
10.52	0.087891	-0.068054	0.140381	-0.102234	0.072632	-0.074158	0.060425	-0.052185	
10.53	0.090027	-0.065308	0.139160	-0.100708	0.072021	-0.073547	0.063171	-0.055847	
10.54	0.089111	-0.064392	0.137939	-0.101929	0.072021	-0.072937	0.060425	-0.054321	
10.55	0.089722	-0.065613	0.144043	-0.100708	0.069580	-0.075378	0.065002	-0.054626	
10.56	0.084229	-0.064087	0.142822	-0.100708	0.068970	-0.075073	0.063477	-0.052185	
10.57	0.086670	-0.064087	0.140381	-0.104980	0.072327	-0.073853	0.062561	-0.052185	
10.58	0.089417	-0.065002	0.141602	-0.102234	0.072327	-0.075073	0.060120	-0.052490	
10.59	0.087585	-0.063782	0.142212	-0.099487	0.068970	-0.070496	0.060425	-0.054932	
10.60	0.082397	-0.063171	0.140381	-0.102234	0.069275	-0.069275	0.060425	-0.056458	
10.61	0.085754	-0.066223	0.144958	-0.101624	0.070801	-0.075684	0.061951	-0.052795	
10.62	0.084839	-0.065613	0.140686	-0.101318	0.069275	-0.076294	0.062561	-0.052185	
10.63	0.086975	-0.066223	0.143433	-0.099487	0.069275	-0.075684	0.063171	-0.051880	
10.64	0.085449	-0.065613	0.140076	-0.102234	0.071106	-0.076904	0.064087	-0.053711	
10.65	0.088806	-0.065308	0.139771	-0.101929	0.072937	-0.073547	0.063477	-0.053101	
10.66	0.087280	-0.064697	0.139465	-0.100098	0.072021	-0.075378	0.063477	-0.051880	
10.67	0.086670	-0.062561	0.140686	-0.102539	0.071106	-0.074768	0.062256	-0.055847	
10.68	0.091248	-0.065002	0.141907	-0.101013	0.074158	-0.072937	0.063171	-0.054321	
10.69	0.088501	-0.064087	0.139771	-0.101013	0.072327	-0.076904	0.062866	-0.051270	
10.70	0.087585	-0.066833	0.141907	-0.100403	0.070496	-0.075073	0.064087	-0.053101	
10.71	0.088196	-0.068359	0.140381	-0.103149	0.071716	-0.074768	0.061340	-0.054626	
10.72	0.086670	-0.065613	0.138245	-0.102234	0.071411	-0.075378	0.063171	-0.052795	
10.73	0.087585	-0.065002	0.142822	-0.101929	0.069885	-0.075073	0.063782	-0.054626	
10.74	0.085144	-0.062256	0.141907	-0.099182	0.068970	-0.075684	0.062256	-0.054016	
10.75	0.087585	-0.067139	0.141296	-0.102234	0.072021	-0.074463	0.061035	-0.054321	
10.76	0.087585	-0.063477	0.140076	-0.101929	0.070801	-0.074158	0.061951	-0.054626	
10.77	0.086670	-0.064392	0.142212	-0.102234	0.069275	-0.075073	0.062256	-0.055237	
10.78	0.089722	-0.064392	0.142212	-0.102844	0.071716	-0.075989	0.062561	-0.051880	
10.79	0.087585	-0.063171	0.138245	-0.102844	0.068970	-0.074158	0.061951	-0.051880	
10.80	0.087585	-0.066223	0.141296	-0.103760	0.072632	-0.075989	0.061035	-0.052490	
10.81	0.086060	-0.063782	0.140686	-0.101013	0.069580	-0.071716	0.062561	-0.056458	
10.82	0.089417	-0.065002	0.142517	-0.102234	0.070801	-0.072937	0.061646	-0.055237	
10.83	0.085754	-0.063782	0.142212	-0.101013	0.069885	-0.073547	0.062866	-0.050964	
10.84	0.088501	-0.065918	0.142822	-0.097961	0.070190	-0.076294	0.061646	-0.050964	
10.85	0.086670	-0.065002	0.142822	-0.103149	0.073853	-0.073853	0.064697	-0.052490	
10.86	0.086670	-0.062866	0.137939	-0.101013	0.070801	-0.073242	0.062866	-0.051575	
10.87	0.089111	-0.067139	0.139465	-0.103455	0.075073	-0.074158	0.059814	-0.050354	
10.88	0.085449	-0.062561	0.140381	-0.102844	0.073242	-0.074463	0.062866	-0.052795	
10.89	0.086975	-0.064087	0.142822	-0.101013	0.068665	-0.071716	0.061646	-0.052490	
10.90	0.086365	-0.062866	0.141296	-0.099487	0.072937	-0.075684	0.065002	-0.052490	
10.91	0.088806	-0.063171	0.142212	-0.100098	0.071716	-0.073547	0.058899	-0.052185	
10.92	0.089111	-0.065613	0.140686	-0.102844	0.073242	-0.076294	0.063171	-0.052185	
10.93	0.085754	-0.065613	0.137329	-0.102539	0.072327	-0.071411	0.064697	-0.055237	
10.94	0.087280	-0.061951	0.139465	-0.102844	0.075073	-0.074158	0.060120	-0.054932	
10.95	0.086670	-0.061951	0.141907	-0.100708	0.073242	-0.074463	0.067749	-0.054016	
10.96	0.084839	-0.063477	0.143127	-0.104980	0.069275	-0.073547	0.063477	-0.052795	
10.97	0.084839	-0.062561	0.142517	-0.102539	0.075989	-0.075378	0.061951	-0.050964	
10.98	0.089417	-0.062866	0.143433	-0.101624	0.072327	-0.073853	0.060425	-0.053101	
10.99	0.087585	-0.063477	0.144043	-0.100403	0.072937	-0.075073	0.061951	-0.051880	
11.00	0.086060	-0.063782	0.139160	-0.103455	0.070190	-0.069885	0.061951	-0.053101	
11.01	0.087891	-0.060120	0.144043	-0.104980	0.074158	-0.075378	0.062561	-0.053406	
11.02	0.085144	-0.062866	0.143433	-0.102844	0.070801	-0.073547	0.062561	-0.055237	
11.03	0.091248	-0.063782	0.140686	-0.101318	0.072327	-0.072021	0.062561	-0.052185	
11.04	0.090332	-0.059509	0.140076	-0.100403	0.075684	-0.073547	0.062561	-0.055237	
11.05	0.088806	-0.065918	0.141602	-0.101318	0.071411	-0.071411	0.061340	-0.050049	
11.06	0.086975	-0.065613	0.144043	-0.101318	0.072021	-0.076294	0.064697	-0.054626	
11.07	0.088501	-0.065308	0.141602	-0.103760	0.070801	-0.072327	0.061035	-0.054016	
11.08	0.088501	-0.066223	0.143127	-0.103455	0.074158	-0.070190	0.063782	-0.055237	
11.09	0.085144	-0.060425	0.140381	-0.100098	0.070496	-0.072937	0.063477	-0.053101	
11.10	0.086670	-0.062561	0.143738	-0.100403	0.071411	-0.075989	0.062256	-0.054626	
11.11	0.086060	-0.061340	0.141907	-0.100098	0.074768	-0.074463	0.063477	-0.053406	
11.12	0.089111	-0.065613	0.139160	-0.100708	0.072021	-0.075989	0.059814	-0.047913	
11.13	0.090332	-0.061340	0.141602	-0.105286	0.070801	-0.072632	0.064087	-0.052490	
11.14	0.086670	-0.064392	0.142517	-0.101624	0.069580	-0.074463	0.063171	-0.055237	
11.15	0.088196	-0.064087	0.138855	-0.101013	0.073242	-0.075989	0.061035	-0.052185	
11.16	0.085754	-0.061951	0.139160	-0.101318	0.071106	-0.075378	0.063782	-0.047607	
11.17	0.086670	-0.065613	0.144348	-0.101013	0.072021	-0.074463	0.063782	-0.049744	
11.18	0.086060	-0.062866	0.137634	-0.105591	0.077209	-0.076294	0.062866	-0.054626	
11.19	0.090332	-0.060730	0.140991	-0.100403	0.071106	-0.075989	0.058899	-0.052185	
11.20	0.089722	-0.061035	0.141907	-0.101318	0.071411	-0.073242	0.061951	-0.054626	
11.21	0.084839	-0.063171	0.141907	-0.102844	0.068665	-0.072937	0.065308	-0.053406	
11.22	0.085754	-0.067444	0.140686	-0.105591	0.072632	-0.074463	0.061646	-0.054016	
11.23	0.087585	-0.064697	0.140381	-0.101318	0.069580	-0.073547	0.063782	-0.054932	
11.24	0.087280	-0.064392	0.142822	-0.103149	0.070190	-0.072327	0.058594	-0.052185	
11.25	0.085449	-0.064392	0.140076	-0.099792	0.071716	-0.071716	0.062866	-0.053101	
11.26	0.089417	-0.067139	0.139771	-0.101013	0.072632	-0.074768	0.061646	-0.054016	
11.27	0.089417	-0.065308	0.138550	-0.101624	0.072021	-0.073242	0.061646	-0.051270	
11.28	0.087280	-0.062561	0.139160	-0.101624	0.069885	-0.071106	0.061951	-0.055847	
11.29	0.088501	-0.061951	0.142822	-0.104065	0.070496	-0.072021	0.062561	-0.054016	
11.30	0.086365	-0.062561	0.139160	-0.100098	0.069580	-0.075378	0.062866	-0.054016	
11.31	0.085449	-0.065613	0.143127	-0.102234	0.072937	-0.073242	0.061035	-0.055847	
11.32	0.086975	-0.062866	0.141907	-0.102844	0.072327	-0.074768	0.066223	-0.055237	
11.33	0.088196	-0.065002	0.141907	-0.098877	0.069275	-0.075684	0.061340	-0.051575	
11.34	0.087280	-0.067444	0.141602	-0.101318	0.073853	-0.077209	0.061035	-0.055237	
11.35	0.087585	-0.061340	0.137939	-0.103760	0.069275	-0.070801	0.061340	-0.054626	
11.36	0.087585	-0.066528	0.143433	-0.103149	0.071716	-0.075073	0.063477	-0.056763	
11.37	0.087585	-0.066223	0.138855	-0.102539	0.070801	-0.075684	0.064087	-0.052185	
11.38	0.087891	-0.065918	0.140686	-0.105896	0.072021	-0.073853	0.059204	-0.054932	
11.39	0.087891	-0.067444	0.141602	-0.099487	0.071411	-0.074463	0.060425	-0.053101	
11.40	0.085144	-0.061340	0.139771	-0.099792	0.070190	-0.072021	0.058594	-0.053101	
11.41	0.086060	-0.065002	0.141907	-0.104065	0.071411	-0.073853	0.062866	-0.052795	
11.42	0.085754	-0.065002	0.139465	-0.103149	0.071106	-0.073547	0.064087	-0.051880	
11.43	0.086670	-0.062561	0.142822	-0.101624	0.069275	-0.073547	0.062256	-0.054321	
11.44	0.084839	-0.064392	0.143127	-0.101318	0.069885	-0.072937	0.064392	-0.053406	
11.45	0.087891	-0.068665	0.142517	-0.100403	0.070496	-0.075378	0.060120	-0.050049	
11.46	0.088501	-0.065613	0.140381	-0.103760	0.068665	-0.076904	0.061340	-0.051575	
11.47	0.086975	-0.065002	0.142212	-0.102234	0.071106	-0.075989	0.061035	-0.052490	
11.48	0.090942	-0.063782	0.143127	-0.103455	0.072021	-0.075073	0.061340	-0.054932	
11.49	0.086670	-0.065918	0.138550	-0.102844	0.073242	-0.075073	0.060120	-0.052795	
11.50	0.088501	-0.063782	0.139771	-0.102539	0.072327	-0.072632	0.061951	-0.053406	
11.51	0.087891	-0.063782	0.143738	-0.103455	0.072021	-0.072937	0.062561	-0.055237	
