DASYLab - V 9.00.01
Schaltbildname : Rohdatenaufnahme_Kistler
Aufgenommen am : 16.12.2016, 11:36:47
Blocklaenge    : 32
Delta          : 0.01 sec.
Kanalzahl      : 8
Meﬂzeit[s]	0 [V]	1 [V]	2 [V]	3 [V]	4 [v]	5 [V]	6 [V]	7 [V]	
0.00	0.079956	-0.051880	0.125122	-0.084534	0.063782	-0.061646	0.052795	-10.000000	
0.01	-10.000000	-10.000000	-10.000000	-10.000000	-10.000000	-10.000000	-10.000000	-10.000000	
0.02	-10.000000	-10.000000	-10.000000	-10.000000	-10.000000	-10.000000	-10.000000	-10.000000	
0.03	-10.000000	-10.000000	-10.000000	-10.000000	-10.000000	-10.000000	-10.000000	-10.000000	
0.04	-10.000000	-10.000000	-10.000000	-10.000000	-10.000000	-10.000000	-10.000000	-10.000000	
0.05	-10.000000	-10.000000	-10.000000	-10.000000	-10.000000	-10.000000	-10.000000	-10.000000	
0.06	-10.000000	-10.000000	-10.000000	-10.000000	-10.000000	-10.000000	-10.000000	-10.000000	
0.07	-10.000000	-10.000000	-10.000000	-10.000000	-10.000000	-10.000000	-10.000000	-10.000000	
0.08	-10.000000	-10.000000	-10.000000	-10.000000	-10.000000	-10.000000	-10.000000	-10.000000	
0.09	-10.000000	-10.000000	-10.000000	-10.000000	-10.000000	-10.000000	-10.000000	-10.000000	
0.10	-10.000000	-10.000000	-10.000000	-10.000000	-10.000000	-10.000000	-10.000000	-10.000000	
0.11	-10.000000	-10.000000	-10.000000	-10.000000	-10.000000	-10.000000	-10.000000	-10.000000	
0.12	-10.000000	-10.000000	-10.000000	-10.000000	-10.000000	-10.000000	-10.000000	-10.000000	
0.13	-10.000000	-10.000000	-10.000000	-10.000000	-10.000000	-10.000000	-10.000000	-10.000000	
0.14	-10.000000	-10.000000	-10.000000	-10.000000	-10.000000	-10.000000	-10.000000	-10.000000	
0.15	-10.000000	-10.000000	-10.000000	-10.000000	-10.000000	-10.000000	-10.000000	-10.000000	
0.16	-10.000000	-10.000000	-10.000000	-10.000000	-10.000000	-10.000000	-10.000000	-10.000000	
0.17	-10.000000	-10.000000	-10.000000	-10.000000	-10.000000	-10.000000	-10.000000	-10.000000	
0.18	-10.000000	-10.000000	-10.000000	-10.000000	-10.000000	-10.000000	-10.000000	-10.000000	
0.19	-10.000000	-10.000000	-10.000000	-10.000000	-10.000000	-10.000000	-10.000000	-10.000000	
0.20	-10.000000	-10.000000	-10.000000	-10.000000	-10.000000	-10.000000	-10.000000	-10.000000	
0.21	-10.000000	-10.000000	-10.000000	-10.000000	-10.000000	-10.000000	-10.000000	-10.000000	
0.22	-10.000000	-10.000000	-10.000000	-10.000000	-10.000000	-10.000000	-10.000000	-10.000000	
0.23	-10.000000	-10.000000	-10.000000	-10.000000	-10.000000	-10.000000	-10.000000	-10.000000	
0.24	-10.000000	-10.000000	-10.000000	-10.000000	-10.000000	-10.000000	-10.000000	-10.000000	
0.25	-10.000000	-10.000000	-10.000000	-10.000000	-10.000000	-10.000000	-10.000000	-10.000000	
0.26	-10.000000	-10.000000	-10.000000	-10.000000	-10.000000	-10.000000	-10.000000	-10.000000	
0.27	-10.000000	-10.000000	-10.000000	-10.000000	-10.000000	-10.000000	-10.000000	-10.000000	
0.28	-10.000000	-10.000000	-10.000000	-10.000000	-10.000000	-10.000000	-10.000000	-10.000000	
0.29	-10.000000	-10.000000	-10.000000	-10.000000	-10.000000	-10.000000	-10.000000	-10.000000	
0.30	-10.000000	-10.000000	-10.000000	-10.000000	-10.000000	-10.000000	-10.000000	-10.000000	
0.31	-10.000000	-10.000000	-10.000000	-10.000000	-10.000000	-10.000000	-10.000000	-10.000000	
0.32	-10.000000	-10.000000	-10.000000	-10.000000	-10.000000	-10.000000	-10.000000	-10.000000	
0.33	-10.000000	-10.000000	-10.000000	-10.000000	-10.000000	-10.000000	-10.000000	-10.000000	
0.34	-10.000000	-10.000000	-10.000000	-10.000000	-10.000000	-10.000000	-10.000000	-10.000000	
0.35	-10.000000	-10.000000	-10.000000	-10.000000	-10.000000	-10.000000	-10.000000	-10.000000	
0.36	-10.000000	-10.000000	-10.000000	-10.000000	-10.000000	-10.000000	-10.000000	-10.000000	
0.37	-10.000000	-10.000000	-10.000000	-10.000000	-10.000000	-10.000000	-10.000000	-10.000000	
0.38	-10.000000	-10.000000	-10.000000	-10.000000	-10.000000	-10.000000	-10.000000	-10.000000	
0.39	-10.000000	-10.000000	-10.000000	-10.000000	-10.000000	-10.000000	-10.000000	-10.000000	
0.40	-10.000000	-10.000000	-10.000000	-10.000000	-10.000000	-10.000000	-10.000000	-10.000000	
0.41	-10.000000	-10.000000	-10.000000	-10.000000	-10.000000	-10.000000	-10.000000	-10.000000	
0.42	-10.000000	-10.000000	-10.000000	-10.000000	-10.000000	-10.000000	-10.000000	-10.000000	
0.43	-10.000000	-10.000000	-10.000000	-10.000000	-10.000000	-10.000000	-10.000000	-10.000000	
0.44	-10.000000	-10.000000	-10.000000	-10.000000	-10.000000	-10.000000	-10.000000	-10.000000	
0.45	-10.000000	-10.000000	-10.000000	-10.000000	-10.000000	-10.000000	-10.000000	-10.000000	
0.46	-10.000000	-10.000000	-10.000000	-10.000000	-10.000000	-10.000000	-10.000000	-10.000000	
0.47	-10.000000	-10.000000	-10.000000	-10.000000	-10.000000	-10.000000	-10.000000	-10.000000	
0.48	-10.000000	-10.000000	-10.000000	-10.000000	-10.000000	-10.000000	-10.000000	-10.000000	
0.49	-10.000000	-10.000000	-10.000000	-10.000000	-10.000000	-10.000000	-10.000000	-10.000000	
0.50	-10.000000	-10.000000	-10.000000	-10.000000	-10.000000	-10.000000	-10.000000	-10.000000	
0.51	-10.000000	-10.000000	-10.000000	-10.000000	-10.000000	-10.000000	-10.000000	-10.000000	
0.52	-10.000000	-10.000000	-10.000000	-10.000000	-10.000000	-10.000000	-10.000000	-10.000000	
0.53	-10.000000	-10.000000	-10.000000	-10.000000	-10.000000	-10.000000	-10.000000	-10.000000	
0.54	-10.000000	-10.000000	-10.000000	-10.000000	-10.000000	-10.000000	-10.000000	-10.000000	
0.55	-10.000000	-10.000000	-10.000000	-10.000000	-10.000000	-10.000000	-10.000000	-10.000000	
0.56	-10.000000	-10.000000	-10.000000	-10.000000	-10.000000	-10.000000	-10.000000	-10.000000	
0.57	-10.000000	-10.000000	-10.000000	-10.000000	-10.000000	-10.000000	-10.000000	-10.000000	
0.58	-10.000000	-10.000000	-10.000000	-10.000000	-10.000000	-10.000000	-10.000000	-10.000000	
0.59	-10.000000	-10.000000	-10.000000	-10.000000	-10.000000	-10.000000	-10.000000	-10.000000	
0.60	-10.000000	-10.000000	-10.000000	-10.000000	-10.000000	-10.000000	-10.000000	-10.000000	
0.61	-10.000000	-10.000000	-10.000000	-10.000000	-10.000000	-10.000000	-10.000000	-10.000000	
0.62	-10.000000	-10.000000	-10.000000	-10.000000	-10.000000	-10.000000	-10.000000	-10.000000	
0.63	-10.000000	-10.000000	-10.000000	-10.000000	-10.000000	-10.000000	-10.000000	-10.000000	
0.64	-10.000000	-10.000000	-10.000000	-10.000000	-10.000000	-10.000000	-10.000000	-10.000000	
0.65	-10.000000	-10.000000	-10.000000	-10.000000	-10.000000	-10.000000	-10.000000	-10.000000	
0.66	-10.000000	-10.000000	-10.000000	-10.000000	-10.000000	-10.000000	-10.000000	-10.000000	
0.67	-10.000000	-10.000000	-10.000000	-10.000000	-10.000000	-10.000000	-10.000000	-10.000000	
0.68	-10.000000	-10.000000	-10.000000	-10.000000	-10.000000	-10.000000	-10.000000	-10.000000	
0.69	-10.000000	-10.000000	-10.000000	-10.000000	-10.000000	-10.000000	-10.000000	-10.000000	
0.70	-10.000000	-10.000000	-10.000000	-10.000000	-10.000000	-10.000000	-10.000000	-10.000000	
0.71	-10.000000	-10.000000	-10.000000	-10.000000	-10.000000	-10.000000	-10.000000	-10.000000	
0.72	-10.000000	-10.000000	-10.000000	-10.000000	-10.000000	-10.000000	-10.000000	-10.000000	
0.73	-10.000000	-10.000000	-10.000000	-10.000000	-10.000000	-10.000000	-10.000000	-10.000000	
0.74	-10.000000	-10.000000	-10.000000	-10.000000	-10.000000	-10.000000	-10.000000	-10.000000	
0.75	-10.000000	-10.000000	-10.000000	-10.000000	-10.000000	-10.000000	-10.000000	-10.000000	
0.76	-10.000000	-10.000000	-10.000000	-10.000000	-10.000000	-10.000000	-10.000000	-10.000000	
0.77	-10.000000	-10.000000	-10.000000	-10.000000	-10.000000	-10.000000	-10.000000	-10.000000	
0.78	-10.000000	-10.000000	-10.000000	-10.000000	-10.000000	-10.000000	-10.000000	-10.000000	
0.79	-10.000000	-10.000000	-10.000000	-10.000000	-10.000000	-10.000000	-10.000000	-10.000000	
0.80	-10.000000	-10.000000	-10.000000	-10.000000	-10.000000	-10.000000	-10.000000	-10.000000	
0.81	-10.000000	-10.000000	-10.000000	-10.000000	-10.000000	-10.000000	-10.000000	-10.000000	
0.82	-10.000000	-10.000000	-10.000000	-10.000000	-10.000000	-10.000000	-10.000000	-10.000000	
0.83	-10.000000	-10.000000	-10.000000	-10.000000	-10.000000	-10.000000	-10.000000	-10.000000	
0.84	-10.000000	-10.000000	-10.000000	-10.000000	-10.000000	-10.000000	-10.000000	-10.000000	
0.85	-10.000000	-10.000000	-10.000000	-10.000000	-10.000000	-10.000000	-10.000000	-10.000000	
0.86	-10.000000	-10.000000	-10.000000	-10.000000	-10.000000	-10.000000	-10.000000	-10.000000	
0.87	-10.000000	-10.000000	-10.000000	-10.000000	-10.000000	-10.000000	-10.000000	-10.000000	
0.88	-10.000000	-10.000000	-10.000000	-10.000000	-10.000000	-10.000000	-10.000000	-10.000000	
0.89	-10.000000	-10.000000	-10.000000	-10.000000	-10.000000	-10.000000	-10.000000	-10.000000	
0.90	-10.000000	-10.000000	-10.000000	-10.000000	-10.000000	-10.000000	-10.000000	-10.000000	
0.91	-10.000000	-10.000000	-10.000000	-10.000000	-10.000000	-10.000000	-10.000000	-10.000000	
0.92	-10.000000	-10.000000	-10.000000	-10.000000	-10.000000	-10.000000	-10.000000	-10.000000	
0.93	-10.000000	-10.000000	-10.000000	-10.000000	-10.000000	-10.000000	-10.000000	-10.000000	
0.94	-10.000000	-10.000000	-10.000000	-10.000000	-10.000000	-10.000000	-10.000000	-10.000000	
0.95	-10.000000	-10.000000	-10.000000	-10.000000	-10.000000	-10.000000	-10.000000	-10.000000	
0.96	-10.000000	-10.000000	-10.000000	-10.000000	-10.000000	-10.000000	-10.000000	-10.000000	
0.97	-10.000000	-10.000000	-10.000000	-10.000000	-10.000000	-10.000000	-10.000000	-10.000000	
0.98	-10.000000	-10.000000	-10.000000	-10.000000	-10.000000	-10.000000	-10.000000	-10.000000	
0.99	-10.000000	-10.000000	-10.000000	-10.000000	-10.000000	-10.000000	-10.000000	-10.000000	
1.00	-10.000000	-10.000000	-10.000000	-10.000000	-10.000000	-10.000000	-10.000000	-10.000000	
1.01	-10.000000	-10.000000	-10.000000	-10.000000	-10.000000	-10.000000	-10.000000	-10.000000	
1.02	-10.000000	-10.000000	-10.000000	-10.000000	-10.000000	-10.000000	-10.000000	-10.000000	
1.03	-10.000000	-10.000000	-10.000000	-10.000000	-10.000000	-10.000000	-10.000000	-10.000000	
1.04	-10.000000	-10.000000	-10.000000	-10.000000	-10.000000	-10.000000	-10.000000	-10.000000	
1.05	-10.000000	-10.000000	-10.000000	-10.000000	-10.000000	-10.000000	-10.000000	-10.000000	
1.06	-10.000000	-10.000000	-10.000000	-10.000000	-10.000000	-10.000000	-10.000000	-10.000000	
1.07	-10.000000	-10.000000	-10.000000	-10.000000	-10.000000	-10.000000	-10.000000	-10.000000	
1.08	-10.000000	-10.000000	-10.000000	-10.000000	-10.000000	-10.000000	-10.000000	-10.000000	
1.09	-10.000000	-10.000000	-10.000000	-10.000000	-10.000000	-10.000000	-10.000000	-10.000000	
1.10	-10.000000	-10.000000	-10.000000	-10.000000	-10.000000	-10.000000	-10.000000	-10.000000	
1.11	-10.000000	-10.000000	-10.000000	-10.000000	-10.000000	-10.000000	-10.000000	-10.000000	
1.12	-10.000000	-10.000000	-10.000000	-10.000000	-10.000000	-10.000000	-10.000000	-10.000000	
1.13	-10.000000	-10.000000	-10.000000	-10.000000	-10.000000	-10.000000	-10.000000	-10.000000	
1.14	-10.000000	-10.000000	-10.000000	-10.000000	-10.000000	-10.000000	-10.000000	-10.000000	
1.15	-10.000000	-10.000000	-10.000000	-10.000000	-10.000000	-10.000000	-10.000000	-10.000000	
1.16	-10.000000	-10.000000	-10.000000	-10.000000	-10.000000	-10.000000	-10.000000	-10.000000	
1.17	-10.000000	-10.000000	-10.000000	-10.000000	-10.000000	-10.000000	-10.000000	-10.000000	
1.18	-10.000000	-10.000000	-10.000000	-10.000000	-10.000000	-10.000000	-10.000000	-10.000000	
1.19	-10.000000	-10.000000	-10.000000	-10.000000	-10.000000	-10.000000	-10.000000	-10.000000	
1.20	-10.000000	-10.000000	-10.000000	-10.000000	-10.000000	-10.000000	-10.000000	-10.000000	
1.21	-10.000000	-10.000000	-10.000000	-10.000000	-10.000000	-10.000000	-10.000000	-10.000000	
1.22	-10.000000	-10.000000	-10.000000	-10.000000	-10.000000	-10.000000	-10.000000	-10.000000	
1.23	-10.000000	-10.000000	-10.000000	-10.000000	-10.000000	-10.000000	-10.000000	-10.000000	
1.24	-10.000000	-10.000000	-10.000000	-10.000000	-10.000000	-10.000000	-10.000000	-10.000000	
1.25	-10.000000	-10.000000	-10.000000	-10.000000	-10.000000	-10.000000	-10.000000	-10.000000	
1.26	-10.000000	-10.000000	-10.000000	-10.000000	-10.000000	-10.000000	-10.000000	-10.000000	
1.27	-10.000000	-10.000000	-10.000000	-10.000000	-10.000000	-10.000000	-10.000000	-10.000000	
1.28	-10.000000	-10.000000	-10.000000	-10.000000	-10.000000	-10.000000	-10.000000	-10.000000	
1.29	-10.000000	-10.000000	-10.000000	-10.000000	-10.000000	-10.000000	-10.000000	-10.000000	
1.30	-10.000000	-10.000000	-10.000000	-10.000000	-10.000000	-10.000000	-10.000000	-10.000000	
1.31	-10.000000	-10.000000	-10.000000	-10.000000	-10.000000	-10.000000	-10.000000	-10.000000	
1.32	-10.000000	-10.000000	-10.000000	-10.000000	-10.000000	-10.000000	-10.000000	-10.000000	
1.33	-10.000000	-10.000000	-10.000000	-10.000000	-10.000000	-10.000000	-10.000000	-10.000000	
1.34	-10.000000	-10.000000	-10.000000	-10.000000	-10.000000	-10.000000	-10.000000	-10.000000	
1.35	-10.000000	-10.000000	-10.000000	-10.000000	-10.000000	-10.000000	-10.000000	-10.000000	
1.36	-10.000000	-10.000000	-10.000000	-10.000000	-10.000000	-10.000000	-10.000000	-10.000000	
1.37	-10.000000	-10.000000	-10.000000	-10.000000	-10.000000	-10.000000	-10.000000	-10.000000	
1.38	-10.000000	-10.000000	-10.000000	-10.000000	-10.000000	-10.000000	-10.000000	-10.000000	
1.39	-10.000000	-10.000000	-10.000000	-10.000000	-10.000000	-10.000000	-10.000000	-10.000000	
1.40	-10.000000	-10.000000	-10.000000	-10.000000	-10.000000	-10.000000	-10.000000	-10.000000	
1.41	-10.000000	-10.000000	-10.000000	-10.000000	-10.000000	-10.000000	-10.000000	-10.000000	
1.42	-10.000000	-10.000000	-10.000000	-10.000000	-10.000000	-10.000000	-10.000000	-10.000000	
1.43	-10.000000	-10.000000	-10.000000	-10.000000	-10.000000	-10.000000	-10.000000	-10.000000	
1.44	-10.000000	-10.000000	-10.000000	-10.000000	-10.000000	-10.000000	-10.000000	-10.000000	
1.45	-10.000000	-10.000000	-10.000000	-10.000000	-10.000000	-10.000000	-10.000000	-10.000000	
1.46	-10.000000	-10.000000	-10.000000	-10.000000	-10.000000	-10.000000	-10.000000	-10.000000	
1.47	-10.000000	-10.000000	-10.000000	-10.000000	-10.000000	-10.000000	-10.000000	-10.000000	
1.48	-10.000000	-10.000000	-10.000000	-10.000000	-10.000000	-10.000000	-10.000000	-10.000000	
1.49	-10.000000	-10.000000	-10.000000	-10.000000	-10.000000	-10.000000	-10.000000	-10.000000	
1.50	-10.000000	-10.000000	-10.000000	-10.000000	-10.000000	-10.000000	-10.000000	-10.000000	
1.51	-10.000000	-10.000000	-10.000000	-10.000000	-10.000000	-10.000000	-10.000000	-10.000000	
1.52	-10.000000	-10.000000	-10.000000	-10.000000	-10.000000	-10.000000	-10.000000	-10.000000	
1.53	-10.000000	-10.000000	-10.000000	-10.000000	-10.000000	-10.000000	-10.000000	-10.000000	
1.54	-10.000000	-10.000000	-10.000000	-10.000000	-10.000000	-10.000000	-10.000000	-10.000000	
1.55	-10.000000	-10.000000	-10.000000	-10.000000	-10.000000	-10.000000	-10.000000	-10.000000	
1.56	-10.000000	-10.000000	-10.000000	-10.000000	-10.000000	-10.000000	-10.000000	-10.000000	
1.57	-10.000000	-10.000000	-10.000000	-10.000000	-10.000000	-10.000000	-10.000000	-10.000000	
1.58	-10.000000	-10.000000	-10.000000	-10.000000	-10.000000	-10.000000	-10.000000	-10.000000	
1.59	-10.000000	-10.000000	-10.000000	-10.000000	-10.000000	-10.000000	-10.000000	-10.000000	
1.60	-10.000000	-10.000000	-10.000000	-10.000000	-10.000000	-10.000000	-10.000000	-10.000000	
1.61	-10.000000	-10.000000	-10.000000	-10.000000	-10.000000	-10.000000	-10.000000	-10.000000	
1.62	-10.000000	-10.000000	-10.000000	-10.000000	-10.000000	-10.000000	-10.000000	-10.000000	
1.63	-10.000000	-10.000000	-10.000000	-10.000000	-10.000000	-10.000000	-10.000000	-10.000000	
1.64	-10.000000	-10.000000	-10.000000	-10.000000	-10.000000	-10.000000	-10.000000	-10.000000	
1.65	-10.000000	-10.000000	-10.000000	-10.000000	-10.000000	-10.000000	-10.000000	-10.000000	
1.66	-10.000000	-10.000000	-10.000000	-10.000000	-10.000000	-10.000000	-10.000000	-10.000000	
1.67	-10.000000	-10.000000	-10.000000	-10.000000	-10.000000	-10.000000	-10.000000	-10.000000	
1.68	-10.000000	-10.000000	-10.000000	-10.000000	-10.000000	-10.000000	-10.000000	-10.000000	
1.69	-10.000000	-10.000000	-10.000000	-10.000000	-10.000000	-10.000000	-10.000000	-10.000000	
1.70	-10.000000	-10.000000	-10.000000	-10.000000	-10.000000	-10.000000	-10.000000	-10.000000	
1.71	-10.000000	-10.000000	-10.000000	-10.000000	-10.000000	-10.000000	-10.000000	-10.000000	
1.72	-10.000000	-10.000000	-10.000000	-10.000000	-10.000000	-10.000000	-10.000000	-10.000000	
1.73	-10.000000	-10.000000	-10.000000	-10.000000	-10.000000	-10.000000	-10.000000	-10.000000	
1.74	-10.000000	-10.000000	-10.000000	-10.000000	-10.000000	-10.000000	-10.000000	-10.000000	
1.75	-10.000000	-10.000000	-10.000000	-10.000000	-10.000000	-10.000000	-10.000000	-10.000000	
1.76	-10.000000	-10.000000	-10.000000	-10.000000	-10.000000	-10.000000	-10.000000	-10.000000	
1.77	-10.000000	-10.000000	-10.000000	-10.000000	-10.000000	-10.000000	-10.000000	-10.000000	
1.78	-10.000000	-10.000000	-10.000000	-10.000000	-10.000000	-10.000000	-10.000000	-10.000000	
1.79	-10.000000	-10.000000	-10.000000	-10.000000	-10.000000	-10.000000	-10.000000	-10.000000	
1.80	-10.000000	-10.000000	-10.000000	-10.000000	-10.000000	-10.000000	-10.000000	-10.000000	
1.81	-10.000000	-10.000000	-10.000000	-10.000000	-10.000000	-10.000000	-10.000000	-10.000000	
1.82	-10.000000	-10.000000	-10.000000	-10.000000	-10.000000	-10.000000	-10.000000	-10.000000	
1.83	-10.000000	-10.000000	-10.000000	-10.000000	-10.000000	-10.000000	-10.000000	-10.000000	
1.84	-10.000000	-10.000000	-10.000000	-10.000000	-10.000000	-10.000000	-10.000000	-10.000000	
1.85	-10.000000	-10.000000	-10.000000	-10.000000	-10.000000	-10.000000	-10.000000	-10.000000	
1.86	-10.000000	-10.000000	-10.000000	-10.000000	-10.000000	-10.000000	-10.000000	-10.000000	
1.87	-10.000000	-10.000000	-10.000000	-10.000000	-10.000000	-10.000000	-10.000000	-10.000000	
1.88	-10.000000	-10.000000	-10.000000	-10.000000	-10.000000	-10.000000	-10.000000	-10.000000	
1.89	-10.000000	-10.000000	-10.000000	-10.000000	-10.000000	-10.000000	-10.000000	-10.000000	
1.90	-10.000000	-10.000000	-10.000000	-10.000000	-10.000000	-10.000000	-10.000000	-10.000000	
1.91	-10.000000	-10.000000	-10.000000	-10.000000	-10.000000	-10.000000	-10.000000	-10.000000	
1.92	-10.000000	-10.000000	-10.000000	-10.000000	-10.000000	-10.000000	-10.000000	-10.000000	
1.93	-10.000000	-10.000000	-10.000000	-10.000000	-10.000000	-10.000000	-10.000000	-10.000000	
1.94	-10.000000	-10.000000	-10.000000	-10.000000	-10.000000	-10.000000	-10.000000	-10.000000	
1.95	-10.000000	-10.000000	-10.000000	-10.000000	-10.000000	-10.000000	-10.000000	-10.000000	
1.96	-10.000000	-10.000000	-10.000000	-10.000000	-10.000000	-10.000000	-10.000000	-10.000000	
1.97	-10.000000	-10.000000	-10.000000	-10.000000	-10.000000	-10.000000	-10.000000	-10.000000	
1.98	-10.000000	-10.000000	-10.000000	-10.000000	-10.000000	-10.000000	-10.000000	-10.000000	
1.99	-10.000000	-10.000000	-10.000000	-10.000000	-10.000000	-10.000000	-10.000000	-10.000000	
2.00	-10.000000	-10.000000	-10.000000	-10.000000	-10.000000	-10.000000	-10.000000	-10.000000	
2.01	-10.000000	-10.000000	-10.000000	-10.000000	-10.000000	-10.000000	-10.000000	-10.000000	
2.02	-10.000000	-10.000000	-10.000000	-10.000000	-10.000000	-10.000000	-10.000000	-10.000000	
2.03	-10.000000	-10.000000	-10.000000	-10.000000	-10.000000	-10.000000	-10.000000	-10.000000	
2.04	-10.000000	-10.000000	-10.000000	-10.000000	-10.000000	-10.000000	-10.000000	-10.000000	
2.05	-10.000000	-10.000000	-10.000000	-10.000000	-10.000000	-10.000000	-10.000000	-10.000000	
2.06	-10.000000	-10.000000	-10.000000	-10.000000	-10.000000	-10.000000	-10.000000	-10.000000	
2.07	-10.000000	-10.000000	-10.000000	-10.000000	-10.000000	-10.000000	-10.000000	-10.000000	
2.08	-10.000000	-10.000000	-10.000000	-10.000000	-10.000000	-10.000000	-10.000000	-10.000000	
2.09	-10.000000	-10.000000	-10.000000	-10.000000	-10.000000	-10.000000	-10.000000	-10.000000	
2.10	-10.000000	-10.000000	-10.000000	-10.000000	-10.000000	-10.000000	-10.000000	-10.000000	
2.11	-10.000000	-10.000000	-10.000000	-10.000000	-10.000000	-10.000000	-10.000000	-10.000000	
2.12	-10.000000	-10.000000	-10.000000	-10.000000	-10.000000	-10.000000	-10.000000	-10.000000	
2.13	-10.000000	-10.000000	-10.000000	-10.000000	-10.000000	-10.000000	-10.000000	-10.000000	
2.14	-10.000000	-10.000000	-10.000000	-10.000000	-10.000000	-10.000000	-10.000000	-10.000000	
2.15	-10.000000	-10.000000	-10.000000	-10.000000	-10.000000	-10.000000	-10.000000	-10.000000	
2.16	-10.000000	-10.000000	-10.000000	-10.000000	-10.000000	-10.000000	-10.000000	-10.000000	
2.17	-10.000000	-10.000000	-10.000000	-10.000000	-10.000000	-10.000000	-10.000000	-10.000000	
2.18	-10.000000	-10.000000	-10.000000	-10.000000	-10.000000	-10.000000	-10.000000	-10.000000	
2.19	-10.000000	-10.000000	-10.000000	-10.000000	-10.000000	-10.000000	-10.000000	-10.000000	
2.20	-10.000000	-10.000000	-10.000000	-10.000000	-10.000000	-10.000000	-10.000000	-10.000000	
2.21	-10.000000	-10.000000	-10.000000	-10.000000	-10.000000	-10.000000	-10.000000	-10.000000	
2.22	-10.000000	-10.000000	-10.000000	-10.000000	-10.000000	-10.000000	-10.000000	-10.000000	
2.23	-10.000000	-10.000000	-10.000000	-10.000000	-10.000000	-10.000000	-10.000000	-10.000000	
2.24	-10.000000	-10.000000	-10.000000	-10.000000	-10.000000	-10.000000	-10.000000	-10.000000	
2.25	-10.000000	-10.000000	-10.000000	-10.000000	-10.000000	-10.000000	-10.000000	-10.000000	
2.26	-10.000000	-10.000000	-10.000000	-10.000000	-10.000000	-10.000000	-10.000000	-10.000000	
2.27	-10.000000	-10.000000	-10.000000	-10.000000	-10.000000	-10.000000	-10.000000	-10.000000	
2.28	-10.000000	-10.000000	-10.000000	-10.000000	-10.000000	-10.000000	-10.000000	-10.000000	
2.29	-10.000000	-10.000000	-10.000000	-10.000000	-10.000000	-10.000000	-10.000000	-10.000000	
2.30	-10.000000	-10.000000	-10.000000	-10.000000	-10.000000	-10.000000	-10.000000	-10.000000	
2.31	-10.000000	-10.000000	-10.000000	-10.000000	-10.000000	-10.000000	-10.000000	-10.000000	
2.32	-10.000000	-10.000000	-10.000000	-10.000000	-10.000000	-10.000000	-10.000000	-10.000000	
2.33	-10.000000	-10.000000	-10.000000	-10.000000	-10.000000	-10.000000	-10.000000	-10.000000	
2.34	-10.000000	-10.000000	-10.000000	-10.000000	-10.000000	-10.000000	-10.000000	-10.000000	
2.35	-10.000000	-10.000000	-10.000000	-10.000000	-10.000000	-10.000000	-10.000000	-10.000000	
2.36	-10.000000	-10.000000	-10.000000	-10.000000	-10.000000	-10.000000	-10.000000	-10.000000	
2.37	-10.000000	-10.000000	-10.000000	-10.000000	-10.000000	-10.000000	-10.000000	-10.000000	
2.38	-10.000000	-10.000000	-10.000000	-10.000000	-10.000000	-10.000000	-10.000000	-10.000000	
2.39	-10.000000	-10.000000	-10.000000	-10.000000	-10.000000	-10.000000	-10.000000	-10.000000	
2.40	-10.000000	-10.000000	-10.000000	-10.000000	-10.000000	-10.000000	-10.000000	-10.000000	
2.41	-10.000000	-10.000000	-10.000000	-10.000000	-10.000000	-10.000000	-10.000000	-10.000000	
2.42	-10.000000	-10.000000	-10.000000	-10.000000	-10.000000	-10.000000	-10.000000	-10.000000	
2.43	-10.000000	-10.000000	-10.000000	-10.000000	-10.000000	-10.000000	-10.000000	-10.000000	
2.44	-10.000000	-10.000000	-10.000000	-10.000000	-10.000000	-10.000000	-10.000000	-10.000000	
2.45	-10.000000	-10.000000	-10.000000	-10.000000	-10.000000	-10.000000	-10.000000	-10.000000	
2.46	-10.000000	-10.000000	-10.000000	-10.000000	-10.000000	-10.000000	-10.000000	-10.000000	
2.47	-10.000000	-10.000000	-10.000000	-10.000000	-10.000000	-10.000000	-10.000000	-10.000000	
2.48	-10.000000	-10.000000	-10.000000	-10.000000	-10.000000	-10.000000	-10.000000	-10.000000	
2.49	-10.000000	-10.000000	-10.000000	-10.000000	-10.000000	-10.000000	-10.000000	-10.000000	
2.50	-10.000000	-10.000000	-10.000000	-10.000000	-10.000000	-10.000000	-10.000000	-10.000000	
2.51	-10.000000	-10.000000	-10.000000	-10.000000	-10.000000	-10.000000	-10.000000	-10.000000	
2.52	-10.000000	-10.000000	-10.000000	-10.000000	-10.000000	-10.000000	-10.000000	-10.000000	
2.53	-10.000000	-10.000000	-10.000000	-10.000000	-10.000000	-10.000000	-10.000000	-10.000000	
2.54	-10.000000	-10.000000	-10.000000	-10.000000	-10.000000	-10.000000	-10.000000	-10.000000	
2.55	-10.000000	-10.000000	-10.000000	-10.000000	-10.000000	-10.000000	-10.000000	-10.000000	
2.56	-10.000000	-10.000000	-10.000000	-10.000000	-10.000000	-10.000000	-10.000000	-10.000000	
2.57	-10.000000	-10.000000	-10.000000	-10.000000	-10.000000	-10.000000	-10.000000	-10.000000	
2.58	-10.000000	-10.000000	-10.000000	-10.000000	-10.000000	-10.000000	-10.000000	-10.000000	
2.59	-10.000000	-10.000000	-10.000000	-10.000000	-10.000000	-10.000000	-10.000000	-10.000000	
2.60	-10.000000	-10.000000	-10.000000	-10.000000	-10.000000	-10.000000	-10.000000	-10.000000	
2.61	-10.000000	-10.000000	-10.000000	-10.000000	-10.000000	-10.000000	-10.000000	-10.000000	
2.62	-10.000000	-10.000000	-10.000000	-10.000000	-10.000000	-10.000000	-10.000000	-10.000000	
2.63	-10.000000	-10.000000	-10.000000	-10.000000	-10.000000	-10.000000	-10.000000	-10.000000	
2.64	-10.000000	-10.000000	-10.000000	-10.000000	-10.000000	-10.000000	-10.000000	-10.000000	
2.65	-10.000000	-10.000000	-10.000000	-10.000000	-10.000000	-10.000000	-10.000000	-10.000000	
2.66	-10.000000	-10.000000	-10.000000	-10.000000	-10.000000	-10.000000	-10.000000	-10.000000	
2.67	-10.000000	-10.000000	-10.000000	-10.000000	-10.000000	-10.000000	-10.000000	-10.000000	
2.68	-10.000000	-10.000000	-10.000000	-10.000000	-10.000000	-10.000000	-10.000000	-10.000000	
2.69	-10.000000	-10.000000	-10.000000	-10.000000	-10.000000	-10.000000	-10.000000	-10.000000	
2.70	-10.000000	-10.000000	-10.000000	-10.000000	-10.000000	-10.000000	-10.000000	-10.000000	
2.71	-10.000000	-10.000000	-10.000000	-10.000000	-10.000000	-10.000000	-10.000000	-10.000000	
2.72	-10.000000	-10.000000	-10.000000	-10.000000	-10.000000	-10.000000	-10.000000	-10.000000	
2.73	-10.000000	-10.000000	-10.000000	-10.000000	-10.000000	-10.000000	-10.000000	-10.000000	
2.74	-10.000000	-10.000000	-10.000000	-10.000000	-10.000000	-10.000000	-10.000000	-10.000000	
2.75	-10.000000	-10.000000	-10.000000	-10.000000	-10.000000	-10.000000	-10.000000	-10.000000	
2.76	-10.000000	-10.000000	-10.000000	-10.000000	-10.000000	-10.000000	-10.000000	-10.000000	
2.77	-10.000000	-10.000000	-10.000000	-10.000000	-10.000000	-10.000000	-10.000000	-10.000000	
2.78	-10.000000	-10.000000	-10.000000	-10.000000	-10.000000	-10.000000	-10.000000	-10.000000	
2.79	-10.000000	-10.000000	-10.000000	-10.000000	-10.000000	-10.000000	-10.000000	-10.000000	
2.80	-10.000000	-10.000000	-10.000000	-10.000000	-10.000000	-10.000000	-10.000000	-10.000000	
2.81	-10.000000	-10.000000	-10.000000	-10.000000	-10.000000	-10.000000	-10.000000	-10.000000	
2.82	-10.000000	-10.000000	-10.000000	-10.000000	-10.000000	-10.000000	-10.000000	-10.000000	
2.83	-10.000000	-10.000000	-10.000000	-10.000000	-10.000000	-10.000000	-10.000000	-10.000000	
2.84	-10.000000	-10.000000	-10.000000	-10.000000	-10.000000	-10.000000	-10.000000	-10.000000	
2.85	-10.000000	-10.000000	-10.000000	-10.000000	-10.000000	-10.000000	-10.000000	-10.000000	
2.86	-10.000000	-10.000000	-10.000000	-10.000000	-10.000000	-10.000000	-10.000000	-10.000000	
2.87	-10.000000	-10.000000	-10.000000	-10.000000	-10.000000	-10.000000	-10.000000	-10.000000	
2.88	-10.000000	-10.000000	-10.000000	-10.000000	-10.000000	-10.000000	-10.000000	-10.000000	
2.89	-10.000000	-10.000000	-10.000000	-10.000000	-10.000000	-10.000000	-10.000000	-10.000000	
2.90	-10.000000	-10.000000	-10.000000	-10.000000	-10.000000	-10.000000	-10.000000	-10.000000	
2.91	-10.000000	-10.000000	-10.000000	-10.000000	-10.000000	-10.000000	-10.000000	-10.000000	
2.92	-10.000000	-10.000000	-10.000000	-10.000000	-10.000000	-10.000000	-10.000000	-10.000000	
2.93	-10.000000	-10.000000	-10.000000	-10.000000	-10.000000	-10.000000	-10.000000	-10.000000	
2.94	-10.000000	-10.000000	-10.000000	-10.000000	-10.000000	-10.000000	-10.000000	-10.000000	
2.95	-10.000000	-10.000000	-10.000000	-10.000000	-10.000000	-10.000000	-10.000000	-10.000000	
2.96	-10.000000	-10.000000	-10.000000	-10.000000	-10.000000	-10.000000	-10.000000	-10.000000	
2.97	-10.000000	-10.000000	-10.000000	-10.000000	-10.000000	-10.000000	-10.000000	-10.000000	
2.98	-10.000000	-10.000000	-10.000000	-10.000000	-10.000000	-10.000000	-10.000000	-10.000000	
2.99	-10.000000	-10.000000	-10.000000	-10.000000	-10.000000	-10.000000	-10.000000	-10.000000	
3.00	-10.000000	-10.000000	-10.000000	-10.000000	-10.000000	-10.000000	-10.000000	-10.000000	
3.01	-10.000000	-10.000000	-10.000000	-10.000000	-10.000000	-10.000000	-10.000000	-10.000000	
3.02	-10.000000	-10.000000	-10.000000	-10.000000	-10.000000	-10.000000	-10.000000	-10.000000	
3.03	-10.000000	-10.000000	-10.000000	-10.000000	-10.000000	-10.000000	-10.000000	-10.000000	
3.04	-10.000000	-10.000000	-10.000000	-10.000000	-10.000000	-10.000000	-10.000000	-10.000000	
3.05	-10.000000	-10.000000	-10.000000	-10.000000	-10.000000	-10.000000	-10.000000	-10.000000	
3.06	-10.000000	-10.000000	-10.000000	-10.000000	-10.000000	-10.000000	-10.000000	-10.000000	
3.07	-10.000000	-10.000000	-10.000000	-10.000000	-10.000000	-10.000000	-10.000000	-10.000000	
3.08	-10.000000	-10.000000	-10.000000	-10.000000	-10.000000	-10.000000	-10.000000	-10.000000	
3.09	-10.000000	-10.000000	-10.000000	-10.000000	-10.000000	-10.000000	-10.000000	-10.000000	
3.10	-10.000000	-10.000000	-10.000000	-10.000000	-10.000000	-10.000000	-10.000000	-10.000000	
3.11	-10.000000	-10.000000	-10.000000	-10.000000	-10.000000	-10.000000	-10.000000	-10.000000	
3.12	-10.000000	-10.000000	-10.000000	-10.000000	-10.000000	-10.000000	-10.000000	-10.000000	
3.13	-10.000000	-10.000000	-10.000000	-10.000000	-10.000000	-10.000000	-10.000000	-10.000000	
3.14	-10.000000	-10.000000	-10.000000	-10.000000	-10.000000	-10.000000	-10.000000	-10.000000	
3.15	-10.000000	-10.000000	-10.000000	-10.000000	-10.000000	-10.000000	-10.000000	-10.000000	
3.16	-10.000000	-10.000000	-10.000000	-10.000000	-10.000000	-10.000000	-10.000000	-10.000000	
3.17	-10.000000	-10.000000	-10.000000	-10.000000	-10.000000	-10.000000	-10.000000	-10.000000	
3.18	-10.000000	-10.000000	-10.000000	-10.000000	-10.000000	-10.000000	-10.000000	-10.000000	
3.19	-10.000000	-10.000000	-10.000000	-10.000000	-10.000000	-10.000000	-10.000000	-10.000000	
3.20	0.079956	-0.051880	0.125122	-0.084534	0.063782	-0.061646	0.052795	-0.038147	
3.21	0.079041	-0.052185	0.123901	-0.083923	0.061035	-0.061035	0.055542	-0.037537	
3.22	0.080566	-0.054932	0.123901	-0.085144	0.063477	-0.061340	0.050659	-0.036926	
3.23	0.079956	-0.054016	0.125122	-0.086670	0.058594	-0.057983	0.050964	-0.035706	
3.24	0.077515	-0.053711	0.125122	-0.086365	0.061646	-0.057373	0.049133	-0.038147	
3.25	0.078125	-0.050659	0.122986	-0.083008	0.061035	-0.057983	0.049744	-0.037231	
3.26	0.079346	-0.052795	0.125427	-0.083618	0.060425	-0.058289	0.051880	-0.041199	
3.27	0.075684	-0.055542	0.128174	-0.088501	0.061646	-0.058289	0.053101	-0.036316	
3.28	0.079346	-0.054932	0.127258	-0.081177	0.059814	-0.056763	0.050354	-0.039063	
3.29	0.080872	-0.054626	0.121765	-0.082397	0.062866	-0.060425	0.048828	-0.039673	
3.30	0.082092	-0.054321	0.122986	-0.086670	0.057678	-0.055847	0.051880	-0.040283	
3.31	0.077820	-0.054321	0.129089	-0.080566	0.057983	-0.060425	0.050964	-0.037537	
3.32	0.079041	-0.057373	0.122986	-0.084839	0.061340	-0.060120	0.050964	-0.039673	
3.33	0.079346	-0.054321	0.122986	-0.084229	0.061646	-0.058289	0.052490	-0.042419	
3.34	0.079956	-0.051575	0.123901	-0.086975	0.062561	-0.059204	0.056152	-0.037231	
3.35	0.076904	-0.056152	0.125427	-0.082703	0.058594	-0.058594	0.049438	-0.036316	
3.36	0.080261	-0.055542	0.125732	-0.081787	0.062561	-0.058594	0.049438	-0.037537	
3.37	0.081482	-0.049744	0.124817	-0.086975	0.061646	-0.059814	0.051880	-0.038147	
3.38	0.078125	-0.052490	0.124817	-0.082397	0.059204	-0.060425	0.051270	-0.040894	
3.39	0.076294	-0.052795	0.126038	-0.083008	0.061951	-0.058594	0.050354	-0.038452	
3.40	0.080566	-0.058899	0.125732	-0.084534	0.061035	-0.058899	0.050049	-0.039063	
3.41	0.077515	-0.053406	0.122986	-0.086670	0.062256	-0.059509	0.050049	-0.038452	
3.42	0.080566	-0.054626	0.126038	-0.085144	0.059814	-0.057983	0.052490	-0.038147	
3.43	0.078430	-0.052490	0.127869	-0.082092	0.062866	-0.061035	0.051270	-0.037537	
3.44	0.078125	-0.054016	0.121155	-0.082092	0.062256	-0.056763	0.050049	-0.039978	
3.45	0.080566	-0.051270	0.125122	-0.085754	0.058289	-0.058289	0.051575	-0.040283	
3.46	0.077209	-0.054626	0.126038	-0.084839	0.062866	-0.060120	0.049133	-0.037231	
3.47	0.079041	-0.055542	0.123596	-0.083008	0.061646	-0.058289	0.050354	-0.039063	
3.48	0.079651	-0.052490	0.125122	-0.086365	0.060425	-0.057373	0.052185	-0.041504	
3.49	0.078735	-0.053711	0.125122	-0.084534	0.063171	-0.063171	0.053101	-0.037231	
3.50	0.078735	-0.055237	0.122986	-0.083313	0.060730	-0.059814	0.049744	-0.040588	
3.51	0.080261	-0.052185	0.124207	-0.084534	0.060120	-0.057373	0.051575	-0.040894	
3.52	0.079346	-0.050354	0.123596	-0.082703	0.059204	-0.057068	0.051270	-0.039368	
3.53	0.075684	-0.054932	0.127563	-0.082397	0.061340	-0.061646	0.053101	-0.038757	
3.54	0.079956	-0.053406	0.127563	-0.081177	0.063782	-0.057373	0.052185	-0.039978	
3.55	0.079346	-0.049133	0.123291	-0.081787	0.060425	-0.059204	0.053711	-0.038757	
3.56	0.075684	-0.052185	0.124512	-0.082703	0.060425	-0.057678	0.051270	-0.039673	
3.57	0.078430	-0.055847	0.127563	-0.082703	0.059204	-0.057068	0.053101	-0.038147	
3.58	0.077820	-0.052795	0.127869	-0.080872	0.060425	-0.060120	0.052185	-0.039978	
3.59	0.081482	-0.053101	0.127869	-0.085754	0.058594	-0.059204	0.054321	-0.042725	
3.60	0.081177	-0.056458	0.123596	-0.084534	0.062561	-0.062256	0.051575	-0.038147	
3.61	0.081787	-0.052795	0.128174	-0.084229	0.061035	-0.060730	0.050049	-0.036926	
3.62	0.081482	-0.054626	0.125427	-0.085449	0.061035	-0.057068	0.052490	-0.040283	
3.63	0.077209	-0.049438	0.127869	-0.083313	0.058594	-0.061340	0.051270	-0.036926	
3.64	0.078735	-0.052795	0.125732	-0.081787	0.057678	-0.057983	0.050354	-0.038452	
3.65	0.077515	-0.056763	0.124207	-0.081177	0.062561	-0.059814	0.049438	-0.038757	
3.66	0.078430	-0.050354	0.124817	-0.085144	0.060120	-0.059509	0.052795	-0.039368	
3.67	0.075073	-0.051270	0.124817	-0.083923	0.061951	-0.060425	0.050964	-0.037231	
3.68	0.078430	-0.052185	0.124207	-0.086670	0.062561	-0.061035	0.052185	-0.037537	
3.69	0.080566	-0.051575	0.127258	-0.083923	0.061035	-0.058289	0.053101	-0.040588	
3.70	0.075684	-0.052185	0.123596	-0.086365	0.064087	-0.062256	0.051880	-0.039673	
3.71	0.080566	-0.054016	0.123596	-0.083618	0.058594	-0.061340	0.050659	-0.038757	
3.72	0.079956	-0.055847	0.122986	-0.080872	0.062866	-0.059204	0.053406	-0.041199	
3.73	0.080566	-0.052490	0.126038	-0.080872	0.061035	-0.060730	0.051270	-0.038757	
3.74	0.079956	-0.052490	0.125732	-0.083923	0.060120	-0.057678	0.053406	-0.039368	
3.75	0.075989	-0.053711	0.121155	-0.083313	0.062256	-0.061340	0.048218	-0.039673	
3.76	0.078430	-0.054016	0.123901	-0.083313	0.055847	-0.056458	0.053711	-0.040283	
3.77	0.078735	-0.054016	0.127563	-0.084534	0.061340	-0.057983	0.053101	-0.038147	
3.78	0.079346	-0.053101	0.122986	-0.080566	0.063782	-0.060730	0.051270	-0.039063	
3.79	0.079651	-0.055542	0.125732	-0.083618	0.062256	-0.059814	0.052795	-0.039063	
3.80	0.077209	-0.052185	0.125732	-0.085144	0.060120	-0.058289	0.051270	-0.039063	
3.81	0.081482	-0.056152	0.125732	-0.083618	0.057068	-0.059509	0.050049	-0.038452	
3.82	0.079956	-0.055847	0.126343	-0.085144	0.063477	-0.058289	0.051270	-0.040283	
3.83	0.080566	-0.052795	0.123901	-0.084839	0.060120	-0.060425	0.052185	-0.037842	
3.84	0.078125	-0.051575	0.125427	-0.082397	0.058899	-0.056458	0.053101	-0.041504	
3.85	0.076294	-0.051575	0.129700	-0.084229	0.057983	-0.058289	0.048828	-0.038757	
3.86	0.081177	-0.053711	0.126953	-0.084534	0.061035	-0.058899	0.050659	-0.039978	
3.87	0.079346	-0.052185	0.123291	-0.083313	0.060425	-0.061951	0.052490	-0.040894	
3.88	0.076294	-0.053406	0.126038	-0.083008	0.060425	-0.059814	0.051270	-0.038147	
3.89	0.081177	-0.053101	0.123291	-0.082397	0.059509	-0.060425	0.054016	-0.037842	
3.90	0.079956	-0.053101	0.125122	-0.085754	0.062256	-0.059509	0.049438	-0.040588	
3.91	0.079346	-0.051575	0.127258	-0.082703	0.058594	-0.063782	0.054321	-0.036926	
3.92	0.079651	-0.052185	0.122681	-0.083923	0.062561	-0.060730	0.051880	-0.039673	
3.93	0.079651	-0.054016	0.127869	-0.085144	0.063171	-0.060730	0.052490	-0.038452	
3.94	0.083618	-0.052185	0.126038	-0.082703	0.061035	-0.057678	0.053101	-0.039063	
3.95	0.081177	-0.051575	0.124207	-0.083923	0.061035	-0.058899	0.053101	-0.039368	
3.96	0.075684	-0.052795	0.126343	-0.083008	0.061035	-0.060120	0.051270	-0.037842	
3.97	0.080566	-0.053101	0.124207	-0.086365	0.060425	-0.057068	0.050354	-0.039673	
3.98	0.077515	-0.055237	0.124817	-0.083923	0.061951	-0.056458	0.050049	-0.038147	
3.99	0.081177	-0.053406	0.124207	-0.085144	0.062561	-0.060120	0.052185	-0.036926	
4.00	0.080261	-0.054932	0.129089	-0.081787	0.060120	-0.061646	0.051880	-0.039978	
4.01	0.081482	-0.051270	0.123291	-0.083618	0.058899	-0.056458	0.053711	-0.040588	
4.02	0.077515	-0.053711	0.126343	-0.082703	0.060730	-0.057983	0.050964	-0.036926	
4.03	0.081177	-0.055542	0.126953	-0.079956	0.059814	-0.060120	0.054016	-0.039978	
4.04	0.078430	-0.055542	0.125427	-0.082703	0.061340	-0.058594	0.049744	-0.038147	
4.05	0.078430	-0.052795	0.126953	-0.081787	0.058289	-0.057373	0.050659	-0.041809	
4.06	0.078125	-0.053101	0.125732	-0.081787	0.056152	-0.058594	0.054016	-0.037537	
4.07	0.077515	-0.055542	0.122986	-0.082703	0.063782	-0.057678	0.048218	-0.039368	
4.08	0.081482	-0.054016	0.124207	-0.083008	0.060120	-0.058899	0.052795	-0.039063	
4.09	0.076904	-0.055237	0.127563	-0.081787	0.059814	-0.060425	0.051270	-0.040588	
4.10	0.083618	-0.053711	0.126648	-0.084229	0.059204	-0.058899	0.052490	-0.037842	
4.11	0.078735	-0.057983	0.126648	-0.080261	0.062561	-0.060730	0.050049	-0.038147	
4.12	0.076599	-0.054626	0.122375	-0.085449	0.061340	-0.057983	0.051270	-0.038757	
4.13	0.078735	-0.053711	0.125732	-0.083618	0.061035	-0.062561	0.051575	-0.035706	
4.14	0.079346	-0.052795	0.124207	-0.084534	0.061035	-0.059204	0.049438	-0.037842	
4.15	0.077209	-0.055237	0.126343	-0.087280	0.061035	-0.060120	0.051270	-0.039063	
4.16	0.079041	-0.052795	0.124817	-0.083618	0.065002	-0.059814	0.052795	-0.039978	
4.17	0.075073	-0.055847	0.126648	-0.082092	0.059509	-0.061340	0.050354	-0.035400	
4.18	0.080872	-0.050049	0.124512	-0.083008	0.061646	-0.058594	0.053101	-0.042114	
4.19	0.075684	-0.050354	0.126038	-0.083923	0.061035	-0.057678	0.050964	-0.036011	
4.20	0.078430	-0.052185	0.126343	-0.084534	0.060120	-0.060120	0.052795	-0.039673	
4.21	0.081177	-0.051880	0.127869	-0.085144	0.061035	-0.062561	0.051880	-0.038757	
4.22	0.078125	-0.053406	0.122375	-0.080872	0.061340	-0.062256	0.052795	-0.038757	
4.23	0.079651	-0.053711	0.125427	-0.083618	0.060120	-0.058899	0.052795	-0.037537	
4.24	0.077515	-0.054321	0.124512	-0.084229	0.061340	-0.059814	0.051270	-0.037537	
4.25	0.078735	-0.052795	0.123901	-0.080261	0.060425	-0.059814	0.050354	-0.040283	
4.26	0.080872	-0.053406	0.125427	-0.083313	0.061951	-0.058289	0.050659	-0.040588	
4.27	0.079651	-0.052490	0.125122	-0.083008	0.059814	-0.061035	0.052185	-0.041199	
4.28	0.078430	-0.054321	0.124512	-0.084229	0.062866	-0.061340	0.054321	-0.038147	
4.29	0.078735	-0.054321	0.126038	-0.083008	0.058899	-0.059814	0.050354	-0.036926	
4.30	0.081482	-0.053711	0.125427	-0.084839	0.057983	-0.060425	0.052185	-0.040588	
4.31	0.076904	-0.051575	0.125732	-0.085144	0.059509	-0.059814	0.049744	-0.036011	
4.32	0.078735	-0.055542	0.125732	-0.084534	0.063477	-0.059204	0.049744	-0.040588	
4.33	0.079041	-0.050964	0.123291	-0.086365	0.061646	-0.059509	0.051575	-0.038147	
4.34	0.076904	-0.053101	0.124817	-0.085449	0.060730	-0.059204	0.052490	-0.043030	
4.35	0.079041	-0.052795	0.124817	-0.085754	0.058899	-0.060730	0.051270	-0.037231	
4.36	0.080872	-0.054932	0.126038	-0.086365	0.062256	-0.057678	0.049438	-0.041809	
4.37	0.078735	-0.052490	0.127258	-0.086365	0.061035	-0.060730	0.051880	-0.038757	
4.38	0.079346	-0.051270	0.123596	-0.085144	0.061951	-0.062256	0.053406	-0.040283	
4.39	0.079956	-0.050354	0.128174	-0.086365	0.061340	-0.058594	0.053101	-0.037231	
4.40	0.080566	-0.054016	0.124817	-0.084229	0.063782	-0.059509	0.049744	-0.042419	
4.41	0.076904	-0.051575	0.125732	-0.084229	0.060730	-0.057678	0.053406	-0.039978	
4.42	0.078430	-0.052795	0.123291	-0.080872	0.060730	-0.057678	0.054321	-0.039063	
4.43	0.077820	-0.054016	0.126648	-0.083618	0.061035	-0.057068	0.049133	-0.037537	
4.44	0.081787	-0.054932	0.126953	-0.086975	0.062256	-0.057678	0.050659	-0.038147	
4.45	0.076294	-0.049438	0.122681	-0.087585	0.062561	-0.060425	0.051880	-0.039063	
4.46	0.075684	-0.051880	0.125427	-0.080872	0.060730	-0.062256	0.053711	-0.037231	
4.47	0.080872	-0.054932	0.124512	-0.081787	0.061035	-0.059204	0.049744	-0.039063	
4.48	0.079651	-0.054321	0.126343	-0.085144	0.061340	-0.058594	0.051270	-0.038757	
4.49	0.081177	-0.053711	0.130310	-0.084534	0.060425	-0.060425	0.051880	-0.037842	
4.50	0.076599	-0.052490	0.125122	-0.083923	0.063782	-0.057373	0.051575	-0.038757	
4.51	0.079041	-0.052185	0.123901	-0.084534	0.058899	-0.058289	0.052490	-0.038452	
4.52	0.078735	-0.057068	0.124512	-0.080566	0.060425	-0.059204	0.049744	-0.035706	
4.53	0.080872	-0.054016	0.127869	-0.087585	0.059814	-0.056763	0.052490	-0.039978	
4.54	0.076599	-0.051270	0.123596	-0.083923	0.059204	-0.061035	0.054016	-0.038452	
4.55	0.079651	-0.055542	0.123596	-0.082703	0.060730	-0.059509	0.050049	-0.040283	
4.56	0.079041	-0.052795	0.128174	-0.084534	0.059509	-0.057678	0.049133	-0.041504	
4.57	0.079346	-0.054321	0.124817	-0.082703	0.064087	-0.060425	0.054016	-0.036316	
4.58	0.077209	-0.055237	0.124817	-0.083923	0.061951	-0.062256	0.052185	-0.039673	
4.59	0.080872	-0.053711	0.126038	-0.083618	0.061035	-0.059204	0.051270	-0.035706	
4.60	0.077515	-0.052795	0.123901	-0.084534	0.062866	-0.060120	0.052490	-0.037231	
4.61	0.076599	-0.053711	0.126648	-0.083008	0.064697	-0.057983	0.051270	-0.039673	
4.62	0.078735	-0.052490	0.124207	-0.083313	0.060730	-0.058899	0.050659	-0.036926	
4.63	0.076904	-0.051880	0.123291	-0.084229	0.061340	-0.058594	0.050049	-0.040283	
4.64	0.080261	-0.056152	0.126648	-0.082703	0.058289	-0.058289	0.050964	-0.038757	
4.65	0.078125	-0.056458	0.125122	-0.084229	0.062561	-0.061035	0.047913	-0.038147	
4.66	0.081177	-0.054321	0.125122	-0.084839	0.062561	-0.055847	0.051270	-0.043335	
4.67	0.083008	-0.054016	0.124817	-0.086365	0.060730	-0.060120	0.052185	-0.040283	
4.68	0.076904	-0.051575	0.129089	-0.083923	0.059204	-0.060120	0.049438	-0.037842	
4.69	0.077515	-0.057068	0.123901	-0.081482	0.060730	-0.058289	0.047913	-0.039368	
4.70	0.078735	-0.052185	0.126343	-0.085144	0.060425	-0.058289	0.050964	-0.038452	
4.71	0.075989	-0.052795	0.126953	-0.083313	0.059509	-0.057678	0.053101	-0.038757	
4.72	0.078735	-0.057373	0.128784	-0.084229	0.060425	-0.057678	0.051270	-0.036621	
4.73	0.079651	-0.055237	0.125427	-0.085144	0.061951	-0.058594	0.048828	-0.041504	
4.74	0.077820	-0.049133	0.124512	-0.086060	0.061340	-0.056763	0.052795	-0.037537	
4.75	0.078125	-0.053711	0.125427	-0.081482	0.057983	-0.061646	0.050354	-0.039673	
4.76	0.078125	-0.057678	0.124207	-0.081177	0.059204	-0.061646	0.050354	-0.040588	
4.77	0.079041	-0.054932	0.126038	-0.086365	0.059204	-0.057983	0.051270	-0.040283	
4.78	0.077820	-0.053101	0.127869	-0.083923	0.060425	-0.059814	0.052185	-0.038757	
4.79	0.079346	-0.052185	0.124817	-0.085144	0.063171	-0.062561	0.050659	-0.040283	
4.80	0.079651	-0.052490	0.125427	-0.085754	0.060120	-0.057373	0.050354	-0.040588	
4.81	0.078125	-0.054626	0.127869	-0.081177	0.058289	-0.059204	0.050659	-0.036621	
4.82	0.080261	-0.053101	0.124817	-0.085144	0.063171	-0.057373	0.050354	-0.036926	
4.83	0.078125	-0.056152	0.125732	-0.082092	0.061646	-0.057678	0.050049	-0.038757	
4.84	0.079956	-0.051575	0.125427	-0.082092	0.058594	-0.057068	0.052185	-0.039368	
4.85	0.080261	-0.052795	0.128174	-0.083923	0.059814	-0.059509	0.048523	-0.036621	
4.86	0.079346	-0.057068	0.124207	-0.079651	0.062561	-0.061951	0.050659	-0.040588	
4.87	0.078430	-0.051270	0.127258	-0.085144	0.060730	-0.057983	0.051880	-0.038757	
4.88	0.078735	-0.054321	0.126343	-0.085449	0.059204	-0.059509	0.051270	-0.040283	
4.89	0.078735	-0.054321	0.126038	-0.083923	0.058594	-0.057373	0.051880	-0.036926	
4.90	0.076904	-0.054626	0.126343	-0.083313	0.061035	-0.059204	0.048523	-0.038147	
4.91	0.080566	-0.053711	0.124512	-0.086060	0.061035	-0.059204	0.054626	-0.041199	
4.92	0.077209	-0.050964	0.125732	-0.085754	0.060120	-0.060730	0.051880	-0.037537	
4.93	0.078125	-0.054016	0.126343	-0.083008	0.061340	-0.060120	0.052795	-0.038147	
4.94	0.079041	-0.053101	0.125732	-0.085144	0.060425	-0.058289	0.050049	-0.037537	
4.95	0.081482	-0.055847	0.121460	-0.084534	0.063171	-0.060425	0.053101	-0.038452	
4.96	0.079346	-0.050354	0.125732	-0.082092	0.061646	-0.061951	0.053711	-0.038452	
4.97	0.075989	-0.053711	0.125732	-0.083618	0.062561	-0.059509	0.050354	-0.039978	
4.98	0.081482	-0.056763	0.129700	-0.083008	0.060730	-0.058899	0.052795	-0.039978	
4.99	0.077820	-0.051880	0.124207	-0.083923	0.061035	-0.060120	0.048523	-0.039063	
5.00	0.076294	-0.055237	0.125732	-0.082703	0.059509	-0.059204	0.054016	-0.038757	
5.01	0.081177	-0.054626	0.125732	-0.085144	0.059509	-0.057068	0.050659	-0.037842	
5.02	0.079346	-0.054626	0.126343	-0.084534	0.063477	-0.059204	0.050659	-0.039673	
5.03	0.077515	-0.052490	0.127563	-0.086060	0.060730	-0.061035	0.053101	-0.039673	
5.04	0.076904	-0.053101	0.125122	-0.083313	0.061340	-0.062561	0.049438	-0.036316	
5.05	0.079346	-0.053101	0.124512	-0.084839	0.061951	-0.058594	0.050659	-0.041504	
5.06	0.080261	-0.053406	0.128174	-0.084534	0.059814	-0.061035	0.050964	-0.039063	
5.07	0.074768	-0.054626	0.126038	-0.086060	0.062256	-0.059509	0.053711	-0.040588	
5.08	0.077820	-0.054016	0.127258	-0.083923	0.059814	-0.060730	0.051880	-0.041199	
5.09	0.079956	-0.057373	0.125122	-0.083923	0.060425	-0.059814	0.050964	-0.037842	
5.10	0.077515	-0.054626	0.124207	-0.086975	0.059204	-0.058899	0.051880	-0.039368	
5.11	0.081177	-0.051880	0.121765	-0.082092	0.061646	-0.060730	0.049133	-0.036316	
5.12	0.079956	-0.055847	0.126343	-0.081482	0.061951	-0.059204	0.048218	-0.039673	
5.13	0.080566	-0.053406	0.124512	-0.084534	0.062256	-0.055847	0.051880	-0.041199	
5.14	0.077209	-0.051270	0.123901	-0.081482	0.059204	-0.060730	0.051880	-0.038452	
5.15	0.076599	-0.054626	0.124817	-0.084534	0.061646	-0.057068	0.049438	-0.041504	
5.16	0.082092	-0.052185	0.124817	-0.083618	0.059814	-0.060120	0.053101	-0.039978	
5.17	0.076904	-0.055237	0.127563	-0.082703	0.059509	-0.060730	0.051270	-0.040588	
5.18	0.079956	-0.055847	0.126953	-0.084534	0.059204	-0.057068	0.051575	-0.038757	
5.19	0.080566	-0.057373	0.126648	-0.082092	0.061951	-0.061951	0.049744	-0.036621	
5.20	0.077209	-0.051575	0.121155	-0.087585	0.060730	-0.060120	0.049438	-0.040588	
5.21	0.078735	-0.049744	0.124817	-0.085449	0.060120	-0.060120	0.052490	-0.037231	
5.22	0.076904	-0.052795	0.125122	-0.079346	0.060425	-0.057678	0.051575	-0.039978	
5.23	0.080872	-0.053101	0.125427	-0.080872	0.060730	-0.058289	0.051270	-0.039673	
5.24	0.077209	-0.054016	0.125122	-0.085754	0.062561	-0.058289	0.052490	-0.040283	
5.25	0.077820	-0.053406	0.126038	-0.085754	0.059509	-0.061035	0.051270	-0.036316	
5.26	0.080566	-0.054626	0.126038	-0.085449	0.062561	-0.060425	0.050354	-0.039063	
5.27	0.077515	-0.050964	0.127869	-0.083618	0.058899	-0.059204	0.051575	-0.039368	
5.28	0.076294	-0.054016	0.124207	-0.084229	0.063477	-0.061035	0.054016	-0.039368	
5.29	0.075073	-0.050964	0.125122	-0.085754	0.061035	-0.061951	0.053101	-0.038757	
5.30	0.080261	-0.057068	0.125427	-0.082092	0.059509	-0.057678	0.051270	-0.040894	
5.31	0.079346	-0.053406	0.126038	-0.083923	0.059814	-0.059814	0.052185	-0.038147	
5.32	0.074463	-0.055237	0.123596	-0.079651	0.059814	-0.060425	0.048218	-0.038147	
5.33	0.079651	-0.053101	0.122681	-0.081482	0.057373	-0.060425	0.053406	-0.043640	
5.34	0.078735	-0.052490	0.123596	-0.081482	0.059204	-0.057068	0.051270	-0.039673	
5.35	0.075378	-0.050964	0.127258	-0.085144	0.059814	-0.059204	0.050049	-0.036926	
5.36	0.079346	-0.055847	0.125427	-0.085144	0.060425	-0.059509	0.050659	-0.039673	
5.37	0.079651	-0.058899	0.120544	-0.084534	0.061646	-0.060425	0.050964	-0.039978	
5.38	0.083618	-0.054932	0.124207	-0.084229	0.057678	-0.058899	0.053711	-0.040588	
5.39	0.079346	-0.057678	0.126648	-0.080261	0.062256	-0.060120	0.050049	-0.039368	
5.40	0.080566	-0.055542	0.123596	-0.085449	0.061035	-0.060120	0.052185	-0.038757	
5.41	0.079956	-0.050049	0.129089	-0.084534	0.063782	-0.057983	0.052490	-0.038452	
5.42	0.078430	-0.051575	0.124817	-0.083618	0.061646	-0.058899	0.053711	-0.039063	
5.43	0.079956	-0.052795	0.122681	-0.081482	0.058594	-0.061035	0.050049	-0.038147	
5.44	0.079956	-0.052795	0.126038	-0.083923	0.063477	-0.058899	0.050964	-0.039368	
5.45	0.079346	-0.052795	0.123901	-0.083618	0.059509	-0.058289	0.050964	-0.037537	
5.46	0.079346	-0.052490	0.123291	-0.082703	0.057983	-0.060425	0.054626	-0.039978	
5.47	0.080261	-0.055237	0.125427	-0.083313	0.063782	-0.058899	0.048828	-0.039368	
5.48	0.078125	-0.052185	0.124207	-0.081787	0.060425	-0.060120	0.051270	-0.039368	
5.49	0.078430	-0.055847	0.125427	-0.081482	0.061951	-0.059509	0.051270	-0.041504	
5.50	0.078735	-0.054016	0.125427	-0.081482	0.059509	-0.057983	0.054016	-0.040894	
5.51	0.079041	-0.054626	0.123291	-0.083313	0.058899	-0.058899	0.051880	-0.038452	
5.52	0.081177	-0.054932	0.124817	-0.086060	0.061646	-0.057678	0.050049	-0.037842	
5.53	0.078125	-0.052795	0.126648	-0.083618	0.060425	-0.060120	0.051270	-0.041199	
5.54	0.078125	-0.052185	0.122375	-0.084534	0.065002	-0.060120	0.052795	-0.039673	
5.55	0.079346	-0.051575	0.127563	-0.082092	0.059814	-0.060120	0.051270	-0.039063	
5.56	0.082092	-0.053711	0.123596	-0.083618	0.064087	-0.059204	0.051270	-0.040588	
5.57	0.081177	-0.052490	0.127258	-0.083008	0.059204	-0.056763	0.050964	-0.037842	
5.58	0.081177	-0.055237	0.125427	-0.083313	0.058594	-0.057068	0.050659	-0.039978	
5.59	0.078125	-0.055542	0.125427	-0.081482	0.060120	-0.060120	0.051270	-0.036926	
5.60	0.078735	-0.055847	0.122681	-0.084839	0.061646	-0.057678	0.050049	-0.037537	
5.61	0.080261	-0.052185	0.123596	-0.080566	0.060730	-0.060120	0.055542	-0.040588	
5.62	0.079346	-0.052795	0.129089	-0.083618	0.061646	-0.059204	0.050964	-0.041809	
5.63	0.079651	-0.054626	0.126343	-0.083313	0.062866	-0.060425	0.052185	-0.037842	
5.64	0.081177	-0.057068	0.124817	-0.086975	0.062561	-0.060425	0.049744	-0.042419	
5.65	0.079651	-0.057983	0.125122	-0.084534	0.059509	-0.058289	0.052795	-0.042114	
5.66	0.077515	-0.054932	0.123596	-0.080566	0.061035	-0.059814	0.051270	-0.037537	
5.67	0.077209	-0.054932	0.125122	-0.083313	0.061340	-0.058594	0.054016	-0.039673	
5.68	0.080261	-0.054321	0.126038	-0.084229	0.060120	-0.058594	0.051270	-0.036926	
5.69	0.078735	-0.050964	0.122375	-0.090332	0.060730	-0.060425	0.051270	-0.040283	
5.70	0.079346	-0.052795	0.127563	-0.083313	0.061035	-0.059509	0.052490	-0.039978	
5.71	0.082092	-0.056152	0.126038	-0.083313	0.061646	-0.058899	0.050049	-0.040894	
5.72	0.082703	-0.054626	0.128784	-0.088196	0.058289	-0.056763	0.052185	-0.039673	
5.73	0.078735	-0.054321	0.126343	-0.081482	0.060730	-0.061951	0.050659	-0.040588	
5.74	0.078125	-0.051270	0.125122	-0.083618	0.062256	-0.059509	0.051575	-0.039673	
5.75	0.080566	-0.054321	0.123596	-0.082703	0.061646	-0.058899	0.050964	-0.043335	
5.76	0.079346	-0.054016	0.123901	-0.085144	0.064392	-0.059509	0.054016	-0.037537	
5.77	0.078430	-0.054016	0.129395	-0.083923	0.061035	-0.059204	0.053101	-0.039978	
5.78	0.077209	-0.052795	0.123596	-0.082092	0.061035	-0.057373	0.048218	-0.038147	
5.79	0.079346	-0.052185	0.123596	-0.083923	0.060425	-0.058289	0.050964	-0.042114	
5.80	0.075989	-0.051880	0.129089	-0.083618	0.059814	-0.059204	0.051880	-0.039368	
5.81	0.078430	-0.049744	0.125732	-0.085449	0.063477	-0.062256	0.051880	-0.040283	
5.82	0.079041	-0.051575	0.127869	-0.083618	0.062256	-0.061646	0.051270	-0.038147	
5.83	0.079956	-0.054321	0.122681	-0.084229	0.058289	-0.056152	0.052185	-0.042725	
5.84	0.076599	-0.054626	0.128479	-0.084229	0.062561	-0.057678	0.049133	-0.036926	
5.85	0.079346	-0.054626	0.126648	-0.084839	0.057983	-0.059204	0.053406	-0.038147	
5.86	0.077820	-0.054932	0.127563	-0.081177	0.061951	-0.059204	0.051270	-0.042114	
5.87	0.077820	-0.050659	0.125122	-0.083923	0.058899	-0.057068	0.049744	-0.038757	
5.88	0.079346	-0.057068	0.124817	-0.078735	0.059204	-0.059814	0.051575	-0.038147	
5.89	0.083008	-0.054016	0.125427	-0.083008	0.062561	-0.057373	0.049133	-0.040588	
5.90	0.079041	-0.054321	0.130005	-0.086670	0.063477	-0.059509	0.050049	-0.038452	
5.91	0.078125	-0.052795	0.122986	-0.085449	0.061035	-0.061951	0.051270	-0.042419	
5.92	0.078735	-0.053711	0.129089	-0.081177	0.060120	-0.058899	0.053101	-0.039368	
5.93	0.077820	-0.056152	0.126953	-0.083923	0.062256	-0.059204	0.050049	-0.038147	
5.94	0.079956	-0.054626	0.123901	-0.083313	0.062256	-0.058289	0.050964	-0.038757	
5.95	0.077820	-0.054932	0.126038	-0.083008	0.062866	-0.058899	0.051270	-0.041199	
5.96	0.079651	-0.056458	0.123901	-0.085144	0.059509	-0.058899	0.052490	-0.038147	
5.97	0.078735	-0.058289	0.123596	-0.084839	0.065308	-0.059204	0.051270	-0.040283	
5.98	0.082397	-0.053406	0.123291	-0.083313	0.059814	-0.059814	0.052490	-0.039673	
5.99	0.080566	-0.052490	0.124512	-0.081482	0.061035	-0.058289	0.050354	-0.039673	
6.00	0.080566	-0.055847	0.126038	-0.085144	0.058289	-0.059814	0.053711	-0.039368	
6.01	0.078735	-0.057373	0.124512	-0.082703	0.061951	-0.057678	0.050964	-0.040283	
6.02	0.080261	-0.053406	0.124512	-0.083923	0.063171	-0.058899	0.052185	-0.036316	
6.03	0.079346	-0.049744	0.120850	-0.083313	0.057983	-0.055542	0.051880	-0.038757	
6.04	0.079346	-0.052185	0.124207	-0.085144	0.057678	-0.060120	0.051575	-0.040283	
6.05	0.078430	-0.051270	0.128784	-0.081787	0.060425	-0.057678	0.050659	-0.038757	
6.06	0.078125	-0.055847	0.123596	-0.086670	0.061646	-0.061340	0.052185	-0.041809	
6.07	0.077820	-0.054626	0.115662	-0.092468	0.057373	-0.062561	0.055847	-0.041809	
6.08	0.081177	-0.052185	0.130920	-0.080261	0.057068	-0.059814	0.053711	-0.036926	
6.09	0.078735	-0.052490	0.129700	-0.077515	0.062866	-0.060730	0.052185	-0.039978	
6.10	0.077820	-0.050659	0.124207	-0.079956	0.061951	-0.055237	0.049133	-0.036011	
6.11	0.083008	-0.047913	0.114746	-0.087891	0.059509	-0.052795	0.051880	-0.044556	
6.12	0.077209	-0.052795	0.119324	-0.088196	0.059204	-0.060425	0.051880	-0.042114	
6.13	0.076599	-0.056763	0.126953	-0.087891	0.061035	-0.064697	0.052185	-0.040894	
6.14	0.076294	-0.055847	0.127258	-0.083923	0.064087	-0.063477	0.057373	-0.041199	
6.15	0.075378	-0.052185	0.125732	-0.078430	0.061340	-0.059509	0.056763	-0.036316	
6.16	0.075378	-0.056763	0.124817	-0.078735	0.061951	-0.056763	0.050964	-0.036621	
6.17	0.078735	-0.050354	0.122986	-0.085144	0.060120	-0.053711	0.049133	-0.038147	
6.18	0.079956	-0.052490	0.122986	-0.083313	0.061646	-0.061340	0.047607	-0.039978	
6.19	0.081177	-0.054932	0.123291	-0.089111	0.059204	-0.058899	0.053711	-0.039978	
6.20	0.078430	-0.053711	0.127869	-0.081177	0.059814	-0.059509	0.052490	-0.036621	
6.21	0.078735	-0.055847	0.130005	-0.082092	0.060425	-0.056458	0.052490	-0.039368	
6.22	0.077209	-0.051270	0.123901	-0.083923	0.063782	-0.059509	0.052185	-0.039978	
6.23	0.081482	-0.054321	0.121460	-0.085449	0.062866	-0.059509	0.049133	-0.038147	
6.24	0.080566	-0.051270	0.124512	-0.085754	0.058899	-0.057068	0.050659	-0.036926	
6.25	0.078735	-0.055237	0.124817	-0.084534	0.060425	-0.062866	0.050049	-0.039978	
6.26	0.078125	-0.053406	0.126343	-0.085754	0.058289	-0.057373	0.050049	-0.039673	
6.27	0.080566	-0.052185	0.125732	-0.085449	0.060425	-0.060730	0.051880	-0.039978	
6.28	0.080872	-0.052795	0.123901	-0.083618	0.061951	-0.059509	0.052490	-0.039673	
6.29	0.078735	-0.052185	0.127869	-0.085144	0.061340	-0.059814	0.051880	-0.039978	
6.30	0.077820	-0.052185	0.125427	-0.081787	0.060425	-0.061646	0.050659	-0.038757	
6.31	0.079651	-0.050049	0.124512	-0.087891	0.059814	-0.056152	0.048828	-0.039673	
6.32	0.081177	-0.055847	0.127869	-0.083618	0.061646	-0.057678	0.050659	-0.037231	
6.33	0.074463	-0.051880	0.127869	-0.085754	0.061646	-0.057068	0.052490	-0.039063	
6.34	0.076904	-0.051270	0.123291	-0.083618	0.063782	-0.057983	0.048218	-0.036926	
6.35	0.079651	-0.053406	0.121765	-0.086975	0.060730	-0.058289	0.052490	-0.041809	
6.36	0.077820	-0.050659	0.123596	-0.083008	0.060425	-0.059509	0.053101	-0.037842	
6.37	0.078735	-0.056458	0.127258	-0.083923	0.059509	-0.059509	0.053711	-0.037537	
6.38	0.077820	-0.053711	0.126648	-0.084534	0.063477	-0.061035	0.052185	-0.040588	
6.39	0.078430	-0.052185	0.121765	-0.086060	0.060730	-0.057373	0.050964	-0.036621	
6.40	0.079041	-0.053711	0.127563	-0.083923	0.061035	-0.057678	0.054321	-0.040283	
6.41	0.080261	-0.050964	0.123291	-0.086060	0.060425	-0.056458	0.051880	-0.038757	
6.42	0.077820	-0.053406	0.125427	-0.084839	0.061646	-0.061951	0.049438	-0.037231	
6.43	0.079041	-0.053406	0.122070	-0.084229	0.062256	-0.059509	0.052185	-0.042419	
6.44	0.078735	-0.048828	0.125427	-0.082703	0.059814	-0.058899	0.050964	-0.038757	
6.45	0.076599	-0.051575	0.126038	-0.083313	0.061340	-0.060120	0.054321	-0.037842	
6.46	0.079041	-0.052490	0.119934	-0.088501	0.057678	-0.065613	0.053406	-0.046082	
6.47	0.077209	-0.050964	0.132446	-0.081787	0.059204	-0.062256	0.056458	-0.034485	
6.48	0.077820	-0.053406	0.129395	-0.077515	0.063782	-0.059814	0.050049	-0.034790	
6.49	0.079956	-0.050049	0.120544	-0.080566	0.063171	-0.057373	0.054932	-0.041199	
6.50	0.083313	-0.049438	0.121460	-0.081482	0.061035	-0.058289	0.048828	-0.040283	
6.51	0.079651	-0.053711	0.121460	-0.088196	0.060425	-0.058594	0.053101	-0.040588	
6.52	0.078735	-0.057068	0.125122	-0.086060	0.059814	-0.063171	0.046997	-0.042114	
6.53	0.080566	-0.054626	0.128174	-0.082397	0.059814	-0.062561	0.053406	-0.037537	
6.54	0.077209	-0.054016	0.127563	-0.079651	0.061646	-0.059204	0.051880	-0.038757	
6.55	0.081787	-0.055847	0.128174	-0.082092	0.063171	-0.054932	0.049133	-0.038452	
6.56	0.079956	-0.056152	0.126953	-0.084534	0.061646	-0.057983	0.049438	-0.039063	
6.57	0.076599	-0.052185	0.123291	-0.085754	0.064697	-0.059204	0.050659	-0.041504	
6.58	0.082092	-0.054321	0.125122	-0.084839	0.056763	-0.059814	0.051270	-0.039673	
6.59	0.079346	-0.056458	0.126953	-0.082703	0.059814	-0.061035	0.052795	-0.037231	
6.60	0.079346	-0.053101	0.125732	-0.082703	0.064697	-0.057678	0.049133	-0.038757	
6.61	0.079956	-0.050354	0.127869	-0.084839	0.060120	-0.055847	0.053406	-0.037537	
6.62	0.080566	-0.053101	0.125427	-0.083923	0.057373	-0.060120	0.049744	-0.039673	
6.63	0.081482	-0.054016	0.125122	-0.084229	0.061035	-0.057678	0.048828	-0.037231	
6.64	0.077515	-0.052490	0.122375	-0.084534	0.062866	-0.057373	0.050049	-0.042419	
6.65	0.075378	-0.050659	0.123596	-0.084229	0.059204	-0.060120	0.054321	-0.039368	
6.66	0.077209	-0.054626	0.127869	-0.086060	0.060120	-0.061951	0.053406	-0.039673	
6.67	0.080566	-0.054016	0.126038	-0.079956	0.058594	-0.060425	0.052795	-0.036316	
6.68	0.077820	-0.053101	0.126648	-0.085449	0.062561	-0.058594	0.051575	-0.039063	
6.69	0.078735	-0.055237	0.124207	-0.085754	0.059814	-0.061951	0.054321	-0.041504	
6.70	0.078125	-0.052185	0.129089	-0.083923	0.059814	-0.059204	0.051575	-0.038757	
6.71	0.079346	-0.054932	0.125732	-0.081787	0.059204	-0.060730	0.052490	-0.039368	
6.72	0.081787	-0.054626	0.124512	-0.086670	0.062561	-0.058899	0.052185	-0.041199	
6.73	0.075684	-0.052185	0.127258	-0.086365	0.060730	-0.061340	0.052795	-0.038452	
6.74	0.076904	-0.056763	0.126343	-0.080261	0.059814	-0.061035	0.055237	-0.036621	
6.75	0.079956	-0.055237	0.124207	-0.083618	0.061646	-0.060120	0.050354	-0.037842	
6.76	0.080566	-0.054626	0.126343	-0.087891	0.059814	-0.057678	0.050354	-0.039978	
6.77	0.081177	-0.052490	0.128479	-0.083923	0.060425	-0.061951	0.055237	-0.037537	
6.78	0.076294	-0.052795	0.124207	-0.085144	0.064087	-0.061340	0.050354	-0.038147	
6.79	0.079956	-0.054932	0.125122	-0.083008	0.060120	-0.059204	0.050354	-0.039368	
6.80	0.078430	-0.054932	0.123596	-0.084839	0.061035	-0.058594	0.051270	-0.039368	
6.81	0.079956	-0.051270	0.124512	-0.085754	0.060120	-0.059509	0.050354	-0.036621	
6.82	0.080566	-0.057678	0.124817	-0.079956	0.061340	-0.058289	0.048523	-0.041809	
6.83	0.079041	-0.050964	0.126038	-0.084534	0.061340	-0.059509	0.051270	-0.038452	
6.84	0.079346	-0.054321	0.126648	-0.085449	0.062256	-0.059814	0.051575	-0.039673	
6.85	0.082092	-0.055542	0.124817	-0.086670	0.059204	-0.060730	0.050964	-0.038757	
6.86	0.081177	-0.049744	0.120544	-0.086060	0.060425	-0.061035	0.047913	-0.041809	
6.87	0.081787	-0.049744	0.119629	-0.087585	0.061035	-0.054016	0.053101	-0.048523	
6.88	0.076904	-0.054321	0.130920	-0.092468	0.060425	-0.062866	0.055237	-0.041199	
6.89	0.071716	-0.061035	0.128174	-0.084839	0.062256	-0.059204	0.052490	-0.035095	
6.90	0.080872	-0.057373	0.126648	-0.084229	0.058899	-0.059509	0.051270	-0.039063	
6.91	0.079346	-0.050049	0.124817	-0.083313	0.065308	-0.056152	0.050354	-0.036011	
6.92	0.077209	-0.053711	0.126648	-0.085144	0.059509	-0.061035	0.049133	-0.039978	
6.93	0.078125	-0.054932	0.124817	-0.084839	0.061340	-0.060425	0.056763	-0.036926	
6.94	0.081787	-0.054016	0.130310	-0.082397	0.061646	-0.063477	0.050659	-0.040283	
6.95	0.081482	-0.056458	0.128174	-0.083313	0.058289	-0.058594	0.056152	-0.038147	
6.96	0.078430	-0.054626	0.129089	-0.086060	0.060120	-0.061951	0.053711	-0.038757	
6.97	0.084229	-0.050659	0.127258	-0.080566	0.062561	-0.055542	0.053101	-0.037842	
6.98	0.081177	-0.052185	0.123291	-0.085144	0.062561	-0.061646	0.050049	-0.041504	
6.99	0.076294	-0.052185	0.125427	-0.086365	0.058289	-0.054626	0.048828	-0.040588	
7.00	0.077820	-0.056152	0.130005	-0.083923	0.058594	-0.061035	0.050049	-0.042419	
7.01	0.076294	-0.052795	0.123901	-0.081787	0.064087	-0.062866	0.048828	-0.037842	
7.02	0.075684	-0.055237	0.123901	-0.083618	0.064392	-0.059814	0.049438	-0.041504	
7.03	0.080872	-0.051270	0.124207	-0.083618	0.059814	-0.057373	0.054626	-0.041199	
7.04	0.079346	-0.055237	0.122681	-0.082092	0.060730	-0.060425	0.050049	-0.038147	
7.05	0.078430	-0.057983	0.124817	-0.086975	0.061951	-0.057678	0.049744	-0.037842	
7.06	0.078735	-0.051880	0.124207	-0.082397	0.060730	-0.060425	0.050659	-0.039978	
7.07	0.080261	-0.054016	0.126953	-0.085754	0.061951	-0.057068	0.050964	-0.037842	
7.08	0.079346	-0.055542	0.125427	-0.080261	0.059814	-0.060120	0.051575	-0.039673	
7.09	0.078125	-0.056152	0.125732	-0.086670	0.061951	-0.058899	0.050049	-0.037231	
7.10	0.075684	-0.051270	0.125122	-0.086365	0.059204	-0.057068	0.052185	-0.038147	
7.11	0.078735	-0.051270	0.124512	-0.082092	0.060730	-0.061340	0.052490	-0.035706	
7.12	0.076904	-0.055237	0.126038	-0.082703	0.061646	-0.058594	0.047913	-0.039673	
7.13	0.083313	-0.052795	0.129395	-0.087585	0.059204	-0.057678	0.050049	-0.039673	
7.14	0.075684	-0.052185	0.129089	-0.085754	0.062866	-0.059509	0.051270	-0.036011	
7.15	0.079651	-0.053101	0.124512	-0.085144	0.062561	-0.061646	0.053406	-0.040588	
7.16	0.077820	-0.053711	0.125122	-0.083008	0.061646	-0.057373	0.050049	-0.037842	
7.17	0.080261	-0.054016	0.127563	-0.082703	0.063477	-0.056152	0.048218	-0.038147	
7.18	0.079041	-0.053711	0.125427	-0.083008	0.059204	-0.060730	0.053406	-0.040894	
7.19	0.075989	-0.051575	0.125122	-0.080261	0.061340	-0.060425	0.048218	-0.040894	
7.20	0.080261	-0.053711	0.124207	-0.086365	0.060730	-0.056458	0.052490	-0.041199	
7.21	0.080872	-0.054321	0.126038	-0.083008	0.060730	-0.060120	0.051880	-0.037537	
7.22	0.078430	-0.052185	0.125122	-0.084534	0.061340	-0.059814	0.051270	-0.039368	
7.23	0.079346	-0.051575	0.128479	-0.082092	0.060425	-0.060730	0.056152	-0.043030	
7.24	0.086975	-0.059204	0.099792	-0.083313	0.151062	0.109558	-0.105896	-0.264282	
7.25	0.101013	-0.140686	0.252686	0.431213	1.366882	1.138611	-0.458069	-0.087585	
7.26	0.379028	-0.197754	-0.346375	0.217896	1.435547	1.049500	-0.628052	-0.279236	
7.27	0.620117	0.049133	-0.465088	-0.220337	1.177979	1.012878	-0.172424	-0.123901	
7.28	0.256042	0.024719	-0.272827	-0.217590	1.100464	0.821838	-0.142822	-0.143433	
7.29	0.065613	-0.090027	-0.223389	-0.278015	0.946350	0.797119	-0.078430	-0.080261	
7.30	0.087891	-0.041199	-0.365601	-0.364075	0.971375	0.859070	0.038452	0.025024	
7.31	0.086060	-0.036926	-0.456543	-0.395203	1.072998	0.898132	-0.000305	0.007019	
7.32	0.112305	-0.037842	-0.413513	-0.335083	1.294250	1.086731	-0.074768	-0.076904	
7.33	0.098572	-0.039673	-0.302734	-0.244446	1.432495	1.181030	-0.105286	-0.090637	
7.34	0.100708	-0.025940	-0.247803	-0.212097	1.411133	1.204529	-0.075989	-0.074158	
7.35	0.041504	-0.032349	-0.210571	-0.181580	1.366577	1.215515	-0.056152	-0.070801	
7.36	0.017090	-0.028992	-0.180664	-0.140076	1.289368	1.188965	-0.016174	-0.049744	
7.37	0.013428	-0.051270	-0.167236	-0.095520	1.177979	1.116943	0.033875	-0.016479	
7.38	0.023804	-0.062866	-0.147095	-0.054016	1.065063	1.044312	0.074768	0.008850	
7.39	0.017395	-0.074768	-0.118103	-0.026855	0.939941	0.964355	0.119324	0.021973	
7.40	-0.011597	-0.073547	-0.059814	-0.016479	0.820007	0.873718	0.162659	0.024109	
7.41	-0.021667	-0.075378	0.023499	-0.040894	0.713501	0.745850	0.222473	0.035400	
7.42	-0.029297	-0.077820	0.076904	-0.065308	0.598145	0.625000	0.256653	0.076294	
7.43	-0.023193	-0.047607	0.105286	-0.073242	0.470886	0.482483	0.291748	0.130310	
7.44	-0.015259	-0.026550	0.104980	-0.080261	0.350647	0.339966	0.334473	0.197144	
7.45	-0.002747	0.008240	0.099182	-0.099182	0.228882	0.215454	0.372925	0.260925	
7.46	0.003357	0.034180	0.101929	-0.114746	0.132141	0.106812	0.407715	0.315247	
7.47	0.010071	0.052185	0.110474	-0.113831	0.083618	0.038452	0.420837	0.359192	
7.48	0.028076	0.074158	0.137634	-0.090027	0.088501	0.015564	0.408020	0.379028	
7.49	0.037842	0.081787	0.168762	-0.059509	0.089722	0.000000	0.403748	0.399475	
7.50	0.045471	0.062866	0.195313	-0.029907	0.089722	-0.015259	0.409241	0.426941	
7.51	0.050964	0.043945	0.202026	-0.002747	0.081482	-0.027466	0.421448	0.444031	
7.52	0.058899	0.022278	0.214539	0.016479	0.079346	-0.043945	0.426025	0.467529	
7.53	0.056763	0.008850	0.240479	0.043640	0.076599	-0.055847	0.433350	0.492554	
7.54	0.057678	-0.007935	0.274353	0.079346	0.068054	-0.060120	0.447693	0.512085	
7.55	0.055847	-0.034790	0.296021	0.106201	0.066223	-0.062561	0.468750	0.532837	
7.56	0.041504	-0.046692	0.319824	0.136108	0.054321	-0.064392	0.498657	0.556946	
7.57	0.035400	-0.064697	0.350342	0.168762	0.051270	-0.063477	0.522156	0.580444	
7.58	0.027161	-0.072021	0.384521	0.191040	0.045166	-0.070801	0.536804	0.610046	
7.59	0.021057	-0.063477	0.413208	0.196838	0.050354	-0.089111	0.545349	0.638733	
7.60	0.025635	-0.040283	0.427246	0.177612	0.048523	-0.112305	0.540466	0.655823	
7.61	0.032959	-0.014343	0.441589	0.163879	0.049744	-0.134277	0.515442	0.652771	
7.62	0.046692	0.001526	0.444946	0.149536	0.050964	-0.144653	0.474548	0.619202	
7.63	0.053101	0.018921	0.440063	0.122986	0.047913	-0.150757	0.425415	0.567932	
7.64	0.053406	0.039368	0.426331	0.092163	0.054932	-0.156860	0.370178	0.481262	
7.65	0.055237	0.053711	0.407104	0.077515	0.062561	-0.140381	0.304871	0.354309	
7.66	0.057678	0.056152	0.378418	0.037231	0.061035	-0.126953	0.246277	0.238037	
7.67	0.056458	0.019226	0.313110	0.019836	0.062866	-0.104675	0.192261	0.137329	
7.68	0.075073	-0.019226	0.223389	-0.031738	0.058899	-0.090637	0.140991	0.034790	
7.69	0.079346	-0.070801	0.155945	-0.066223	0.060120	-0.072632	0.093079	-0.037842	
7.70	0.088806	-0.075989	0.137024	-0.097961	0.076904	-0.075073	0.064697	-0.057983	
7.71	0.093384	-0.062256	0.146484	-0.108643	0.071106	-0.075684	0.068665	-0.052185	
7.72	0.087280	-0.065002	0.148010	-0.102234	0.075684	-0.075073	0.069885	-0.054321	
7.73	0.090637	-0.061646	0.144043	-0.101624	0.074768	-0.075073	0.067749	-0.052185	
7.74	0.089111	-0.059814	0.144958	-0.101929	0.077820	-0.071716	0.064697	-0.055237	
7.75	0.090637	-0.062866	0.144958	-0.105591	0.075073	-0.072632	0.065308	-0.053711	
7.76	0.090637	-0.065308	0.145569	-0.102234	0.077515	-0.072937	0.068359	-0.052795	
7.77	0.088501	-0.065308	0.145874	-0.101929	0.074768	-0.075989	0.067139	-0.056458	
7.78	0.090942	-0.067139	0.142822	-0.101624	0.076599	-0.075684	0.067444	-0.052490	
7.79	0.091248	-0.066223	0.145264	-0.105286	0.074463	-0.073853	0.068359	-0.055542	
7.80	0.093689	-0.067444	0.147400	-0.107117	0.074158	-0.068665	0.068665	-0.053711	
7.81	0.091553	-0.066833	0.143127	-0.102234	0.076599	-0.075989	0.065918	-0.052185	
7.82	0.092773	-0.065918	0.142517	-0.107117	0.077820	-0.069885	0.067139	-0.054016	
7.83	0.091248	-0.058594	0.143738	-0.101624	0.075684	-0.076599	0.069580	-0.052795	
7.84	0.089722	-0.065918	0.144348	-0.103149	0.079041	-0.074768	0.063782	-0.052490	
7.85	0.091553	-0.064087	0.146179	-0.102234	0.075073	-0.076599	0.066833	-0.054321	
7.86	0.092773	-0.066833	0.142212	-0.103455	0.076599	-0.072632	0.069580	-0.056152	
7.87	0.088806	-0.061646	0.145874	-0.106201	0.074158	-0.076904	0.068054	-0.053101	
7.88	0.089417	-0.068665	0.144653	-0.103455	0.078125	-0.074463	0.066528	-0.054626	
7.89	0.089722	-0.063171	0.143738	-0.100098	0.076294	-0.076294	0.068970	-0.055237	
7.90	0.091858	-0.067444	0.143127	-0.102234	0.074158	-0.071106	0.066833	-0.051270	
7.91	0.091248	-0.065308	0.147705	-0.103760	0.076904	-0.073853	0.065613	-0.052185	
7.92	0.089722	-0.067749	0.147400	-0.105286	0.078430	-0.075989	0.066223	-0.050964	
7.93	0.093384	-0.066528	0.147095	-0.106812	0.073853	-0.072632	0.067139	-0.054016	
7.94	0.090332	-0.064697	0.147400	-0.102539	0.075378	-0.075378	0.066528	-0.052185	
7.95	0.089111	-0.063171	0.147400	-0.104980	0.075684	-0.072327	0.068665	-0.052490	
7.96	0.091858	-0.063477	0.145264	-0.104065	0.075989	-0.075378	0.065613	-0.054321	
7.97	0.088196	-0.063171	0.146790	-0.107117	0.075684	-0.074768	0.067139	-0.055847	
7.98	0.089417	-0.066223	0.144348	-0.102844	0.076599	-0.075378	0.066223	-0.055542	
7.99	0.090942	-0.065002	0.142822	-0.102844	0.076294	-0.076599	0.067139	-0.055847	
8.00	0.090942	-0.065002	0.144348	-0.104370	0.079956	-0.072937	0.065918	-0.058899	
8.01	0.091553	-0.065002	0.148010	-0.104980	0.078430	-0.078430	0.068665	-0.051575	
8.02	0.090637	-0.065918	0.144348	-0.104980	0.077820	-0.075989	0.065002	-0.054932	
8.03	0.092163	-0.064087	0.146790	-0.103760	0.076294	-0.074158	0.066528	-0.055847	
8.04	0.089111	-0.061646	0.144348	-0.105286	0.074768	-0.074463	0.066833	-0.052795	
8.05	0.090027	-0.065002	0.143738	-0.102539	0.076904	-0.074158	0.064087	-0.053711	
8.06	0.088501	-0.064697	0.143127	-0.104065	0.074768	-0.075073	0.068970	-0.057373	
8.07	0.090942	-0.068665	0.141602	-0.106506	0.075378	-0.074158	0.067749	-0.057068	
8.08	0.089111	-0.063171	0.149841	-0.102844	0.074463	-0.076904	0.065918	-0.052490	
8.09	0.092773	-0.067444	0.148010	-0.101929	0.077820	-0.073853	0.070190	-0.054932	
8.10	0.091553	-0.062866	0.143738	-0.104065	0.080261	-0.076294	0.066528	-0.054626	
8.11	0.092773	-0.066833	0.142822	-0.105591	0.073547	-0.075989	0.068054	-0.057068	
8.12	0.090942	-0.063782	0.144958	-0.104370	0.075073	-0.075989	0.067749	-0.055237	
8.13	0.092468	-0.066223	0.146179	-0.103760	0.074463	-0.075684	0.062561	-0.056152	
8.14	0.091858	-0.064697	0.145264	-0.108032	0.073853	-0.072632	0.066833	-0.055847	
8.15	0.089111	-0.066528	0.143433	-0.100708	0.077820	-0.073242	0.067749	-0.055237	
8.16	0.090637	-0.064697	0.148926	-0.102539	0.074768	-0.073853	0.064087	-0.052490	
8.17	0.088806	-0.066833	0.146179	-0.103760	0.077515	-0.072327	0.067139	-0.052490	
8.18	0.091553	-0.063477	0.145874	-0.107422	0.077820	-0.076294	0.065308	-0.053406	
8.19	0.090637	-0.064087	0.144653	-0.106812	0.072327	-0.071716	0.067749	-0.055237	
8.20	0.088806	-0.067749	0.145569	-0.102234	0.072021	-0.075989	0.064087	-0.053406	
8.21	0.091248	-0.068054	0.144348	-0.104675	0.077209	-0.073242	0.067749	-0.052185	
8.22	0.089111	-0.064697	0.148010	-0.105286	0.077209	-0.074768	0.066833	-0.054932	
8.23	0.093689	-0.067139	0.143433	-0.103760	0.077209	-0.076294	0.067444	-0.054321	
8.24	0.090332	-0.065308	0.147095	-0.105591	0.075378	-0.072632	0.063171	-0.052795	
8.25	0.091858	-0.063782	0.144958	-0.105896	0.077209	-0.073242	0.063782	-0.053711	
8.26	0.090942	-0.061035	0.143127	-0.106506	0.078125	-0.074768	0.068054	-0.056152	
8.27	0.090637	-0.067444	0.146484	-0.104370	0.076599	-0.075378	0.068054	-0.054932	
8.28	0.093079	-0.065308	0.145569	-0.102539	0.075684	-0.075378	0.069580	-0.053711	
8.29	0.091553	-0.067444	0.146790	-0.104065	0.078735	-0.074768	0.065308	-0.054626	
8.30	0.088501	-0.064697	0.151978	-0.107422	0.076294	-0.077515	0.068665	-0.052795	
8.31	0.088806	-0.065613	0.143433	-0.107727	0.075989	-0.075989	0.068054	-0.054321	
8.32	0.086975	-0.066833	0.143738	-0.101318	0.074768	-0.073853	0.066833	-0.055847	
8.33	0.091858	-0.063782	0.142212	-0.103760	0.075684	-0.078125	0.067139	-0.052795	
8.34	0.091248	-0.065918	0.146484	-0.104980	0.076904	-0.073547	0.064697	-0.055237	
8.35	0.085144	-0.066528	0.146790	-0.102234	0.075684	-0.075378	0.065613	-0.052490	
8.36	0.093384	-0.066833	0.141907	-0.104065	0.075378	-0.073242	0.068970	-0.054626	
8.37	0.088806	-0.064087	0.147095	-0.103455	0.075684	-0.074158	0.065002	-0.057068	
8.38	0.093079	-0.066528	0.144958	-0.105286	0.073853	-0.074463	0.069275	-0.054626	
8.39	0.089722	-0.065918	0.143127	-0.102844	0.076904	-0.076904	0.066833	-0.051880	
8.40	0.090942	-0.065002	0.148621	-0.104370	0.075073	-0.072327	0.062561	-0.054321	
8.41	0.089722	-0.064392	0.146179	-0.104980	0.072632	-0.075378	0.067139	-0.055542	
8.42	0.090942	-0.068359	0.142822	-0.105591	0.078430	-0.075378	0.067139	-0.052490	
8.43	0.090637	-0.065002	0.146484	-0.103455	0.076599	-0.075684	0.067749	-0.052185	
8.44	0.090332	-0.065002	0.143738	-0.105896	0.077209	-0.073547	0.065308	-0.055237	
8.45	0.088501	-0.065002	0.143433	-0.103760	0.074158	-0.074463	0.067444	-0.054932	
8.46	0.089111	-0.065918	0.148315	-0.105591	0.075989	-0.076599	0.070190	-0.056152	
8.47	0.091553	-0.066528	0.144653	-0.105591	0.075989	-0.075684	0.065613	-0.056458	
8.48	0.091858	-0.064392	0.144958	-0.107727	0.074768	-0.075378	0.067139	-0.054016	
8.49	0.090332	-0.065918	0.145569	-0.104980	0.074158	-0.073547	0.064087	-0.052490	
8.50	0.090027	-0.062256	0.143738	-0.104370	0.076599	-0.072632	0.067444	-0.055542	
8.51	0.087891	-0.064697	0.144348	-0.101013	0.076294	-0.075378	0.067749	-0.054321	
8.52	0.090332	-0.066223	0.142212	-0.102234	0.074463	-0.071716	0.065918	-0.056458	
8.53	0.090942	-0.065613	0.146790	-0.105286	0.073853	-0.074463	0.066833	-0.054932	
8.54	0.087891	-0.064392	0.146790	-0.105896	0.075684	-0.074768	0.068359	-0.052185	
8.55	0.090027	-0.065308	0.147400	-0.103760	0.075378	-0.078125	0.067444	-0.055542	
8.56	0.092163	-0.063782	0.141907	-0.103455	0.076599	-0.074158	0.065918	-0.054321	
8.57	0.086975	-0.062866	0.146790	-0.104370	0.074463	-0.073547	0.067139	-0.056763	
8.58	0.088501	-0.066833	0.144348	-0.103149	0.074768	-0.074158	0.067139	-0.054626	
8.59	0.091248	-0.066223	0.146790	-0.104065	0.075073	-0.075684	0.065002	-0.057678	
8.60	0.091553	-0.066528	0.146790	-0.104370	0.075684	-0.075378	0.065613	-0.054016	
8.61	0.090637	-0.062256	0.145874	-0.104675	0.073242	-0.074158	0.067139	-0.054626	
8.62	0.089417	-0.065918	0.147400	-0.101013	0.081482	-0.075989	0.065918	-0.052490	
8.63	0.092163	-0.062561	0.144043	-0.104675	0.075684	-0.074463	0.068054	-0.057068	
8.64	0.089417	-0.063171	0.144958	-0.106201	0.073853	-0.075378	0.066833	-0.054321	
8.65	0.091858	-0.068054	0.146179	-0.105286	0.076599	-0.075378	0.067139	-0.056458	
8.66	0.091553	-0.065613	0.145569	-0.103760	0.075378	-0.077209	0.068970	-0.056152	
8.67	0.090942	-0.063171	0.144043	-0.104675	0.078125	-0.072327	0.063171	-0.055542	
8.68	0.093689	-0.062256	0.145874	-0.104370	0.073547	-0.076904	0.069580	-0.055237	
8.69	0.087585	-0.067139	0.145569	-0.101318	0.073853	-0.074768	0.065918	-0.051575	
8.70	0.090637	-0.066528	0.144043	-0.106201	0.077515	-0.073853	0.064392	-0.055237	
8.71	0.092468	-0.062866	0.146484	-0.108948	0.076294	-0.076294	0.069275	-0.055542	
8.72	0.088196	-0.062561	0.143433	-0.103760	0.077515	-0.076294	0.067139	-0.054321	
8.73	0.090027	-0.063171	0.146179	-0.104980	0.076294	-0.075073	0.065613	-0.056152	
8.74	0.091553	-0.065918	0.142517	-0.103149	0.073853	-0.072632	0.068665	-0.055542	
8.75	0.086975	-0.063477	0.147705	-0.105896	0.074768	-0.075073	0.069580	-0.054932	
8.76	0.089111	-0.064392	0.144348	-0.103455	0.076904	-0.075073	0.065613	-0.054321	
8.77	0.091858	-0.065002	0.142822	-0.107727	0.076599	-0.073242	0.068359	-0.052795	
8.78	0.090027	-0.065918	0.145569	-0.104065	0.075684	-0.074463	0.065002	-0.055542	
8.79	0.088806	-0.069885	0.145569	-0.104370	0.078430	-0.075073	0.067749	-0.054016	
8.80	0.089722	-0.064087	0.144653	-0.105591	0.079651	-0.077209	0.064697	-0.054321	
8.81	0.090942	-0.065613	0.143738	-0.105286	0.075684	-0.072937	0.068665	-0.058289	
8.82	0.091553	-0.062256	0.149536	-0.104675	0.072937	-0.075684	0.067749	-0.054932	
8.83	0.088501	-0.065308	0.147095	-0.101929	0.075684	-0.073242	0.065002	-0.054321	
8.84	0.092468	-0.065613	0.146484	-0.105591	0.073853	-0.072937	0.069580	-0.055237	
8.85	0.092773	-0.066223	0.145264	-0.103149	0.078125	-0.075989	0.069580	-0.056763	
8.86	0.090332	-0.066528	0.146484	-0.105286	0.074463	-0.074158	0.066223	-0.054016	
8.87	0.093689	-0.065918	0.144958	-0.100708	0.074463	-0.075378	0.068970	-0.054626	
8.88	0.089111	-0.063782	0.145874	-0.107727	0.078735	-0.072937	0.066833	-0.056152	
8.89	0.089722	-0.063782	0.146484	-0.103455	0.070801	-0.072937	0.067749	-0.056458	
8.90	0.089417	-0.065613	0.144958	-0.104675	0.076599	-0.074768	0.064087	-0.054016	
8.91	0.091248	-0.063171	0.144348	-0.103760	0.077820	-0.072021	0.065002	-0.049133	
8.92	0.092163	-0.063782	0.146790	-0.105591	0.075378	-0.073547	0.068359	-0.053406	
8.93	0.092773	-0.066528	0.145264	-0.104065	0.078125	-0.076294	0.065613	-0.056458	
8.94	0.087280	-0.065613	0.149231	-0.104370	0.075684	-0.077209	0.066223	-0.053406	
8.95	0.093994	-0.068359	0.146790	-0.107117	0.077209	-0.072937	0.067749	-0.055237	
8.96	0.090637	-0.065918	0.146484	-0.106506	0.077209	-0.077209	0.065613	-0.056763	
8.97	0.089722	-0.064697	0.148010	-0.104370	0.074158	-0.076599	0.065918	-0.052490	
8.98	0.088806	-0.065308	0.145874	-0.103455	0.075684	-0.070801	0.063782	-0.053406	
8.99	0.089111	-0.065002	0.144958	-0.103149	0.076599	-0.072327	0.064697	-0.054016	
9.00	0.088196	-0.062866	0.147400	-0.107727	0.074158	-0.073547	0.065308	-0.055237	
9.01	0.088806	-0.065308	0.143738	-0.101013	0.076904	-0.073242	0.067139	-0.054016	
9.02	0.092468	-0.063477	0.145569	-0.105286	0.075073	-0.069275	0.061646	-0.056458	
9.03	0.089417	-0.064392	0.146790	-0.101929	0.075684	-0.072632	0.067444	-0.053406	
9.04	0.089111	-0.068054	0.146790	-0.109253	0.076599	-0.077820	0.067139	-0.054321	
9.05	0.089722	-0.064697	0.145874	-0.101013	0.080261	-0.074768	0.067139	-0.053406	
9.06	0.090942	-0.062256	0.146179	-0.102234	0.077820	-0.076599	0.066223	-0.054626	
9.07	0.091858	-0.066223	0.146179	-0.108337	0.076599	-0.072937	0.065308	-0.053101	
9.08	0.093689	-0.068359	0.144958	-0.102844	0.076904	-0.072632	0.062866	-0.053711	
9.09	0.089417	-0.064392	0.145569	-0.104675	0.075989	-0.074158	0.066528	-0.055237	
9.10	0.089111	-0.067139	0.146179	-0.103760	0.073242	-0.072327	0.067749	-0.053711	
9.11	0.089722	-0.067444	0.146179	-0.104980	0.078735	-0.079041	0.067749	-0.051575	
9.12	0.089417	-0.064697	0.145569	-0.112000	0.081177	-0.072937	0.063477	-0.054016	
9.13	0.088501	-0.062256	0.145874	-0.104370	0.076904	-0.071411	0.064697	-0.054932	
9.14	0.090332	-0.066528	0.144043	-0.102844	0.076904	-0.078125	0.066528	-0.054016	
9.15	0.091553	-0.065613	0.144653	-0.105591	0.076599	-0.074158	0.066528	-0.055237	
9.16	0.091553	-0.066833	0.146484	-0.105591	0.075989	-0.072937	0.065918	-0.056458	
9.17	0.090332	-0.065002	0.145874	-0.105896	0.077820	-0.079041	0.066528	-0.054016	
9.18	0.086670	-0.063477	0.145569	-0.104065	0.075684	-0.075378	0.065613	-0.055847	
9.19	0.091858	-0.063782	0.141296	-0.099792	0.072632	-0.075684	0.066223	-0.053101	
9.20	0.090637	-0.064392	0.146179	-0.105286	0.074158	-0.072632	0.067749	-0.054932	
9.21	0.090637	-0.066528	0.145569	-0.101318	0.076599	-0.074158	0.065308	-0.053711	
9.22	0.092773	-0.064697	0.144348	-0.101929	0.075684	-0.075989	0.069275	-0.055542	
9.23	0.092773	-0.062561	0.146179	-0.104065	0.078430	-0.073853	0.065613	-0.057373	
9.24	0.090942	-0.063171	0.147400	-0.101929	0.074768	-0.075684	0.066833	-0.052185	
9.25	0.091248	-0.064697	0.142212	-0.104370	0.077515	-0.073242	0.064392	-0.055542	
9.26	0.089722	-0.061340	0.144958	-0.108032	0.075073	-0.072632	0.067139	-0.053406	
9.27	0.090637	-0.062256	0.144043	-0.104370	0.078430	-0.075989	0.067139	-0.056152	
9.28	0.091248	-0.064087	0.147400	-0.106506	0.079346	-0.074463	0.067444	-0.054321	
9.29	0.091553	-0.066528	0.146790	-0.105286	0.079346	-0.072937	0.064697	-0.051270	
9.30	0.089722	-0.064697	0.150452	-0.106506	0.077515	-0.077209	0.067139	-0.052490	
9.31	0.087280	-0.066223	0.147095	-0.104675	0.077820	-0.075378	0.066833	-0.057068	
9.32	0.090027	-0.061951	0.144043	-0.106506	0.074463	-0.074463	0.066833	-0.056458	
9.33	0.092163	-0.065002	0.142822	-0.104370	0.073853	-0.071106	0.065002	-0.054932	
9.34	0.090332	-0.062866	0.146179	-0.105591	0.073853	-0.075989	0.066833	-0.051575	
9.35	0.090942	-0.065308	0.144653	-0.100403	0.079651	-0.075989	0.066528	-0.055237	
9.36	0.089417	-0.061340	0.142822	-0.104675	0.079956	-0.075989	0.064697	-0.052185	
9.37	0.090332	-0.065613	0.144958	-0.106201	0.077820	-0.074158	0.068359	-0.057068	
9.38	0.089111	-0.066223	0.147095	-0.103455	0.076294	-0.075989	0.066223	-0.052795	
9.39	0.091858	-0.064087	0.147705	-0.107422	0.075684	-0.075684	0.066223	-0.050964	
9.40	0.091248	-0.062866	0.144348	-0.103455	0.075684	-0.073547	0.065918	-0.054932	
9.41	0.087891	-0.065918	0.144958	-0.105591	0.074768	-0.074158	0.066833	-0.052490	
9.42	0.088806	-0.066223	0.145264	-0.104675	0.077820	-0.072632	0.065613	-0.057373	
9.43	0.088196	-0.063171	0.146179	-0.104370	0.076599	-0.074463	0.065918	-0.053101	
9.44	0.089111	-0.061951	0.144043	-0.104980	0.076294	-0.074463	0.068359	-0.055237	
9.45	0.089111	-0.065002	0.144348	-0.102234	0.073853	-0.071411	0.069275	-0.055237	
9.46	0.089111	-0.062561	0.143738	-0.104675	0.076294	-0.073547	0.063782	-0.053101	
9.47	0.092468	-0.065613	0.147705	-0.104980	0.075073	-0.074768	0.068665	-0.050964	
9.48	0.090942	-0.066223	0.144348	-0.103455	0.075073	-0.073853	0.065308	-0.053101	
9.49	0.093079	-0.064392	0.146790	-0.101624	0.075684	-0.074463	0.064087	-0.052490	
9.50	0.092163	-0.068665	0.148315	-0.105286	0.078430	-0.073242	0.066223	-0.055237	
9.51	0.092163	-0.062866	0.145264	-0.107727	0.078430	-0.076904	0.070496	-0.056763	
9.52	0.089417	-0.064392	0.145874	-0.104370	0.074463	-0.078430	0.066223	-0.053406	
9.53	0.090027	-0.064392	0.145264	-0.103455	0.077820	-0.073242	0.068359	-0.057373	
9.54	0.091553	-0.065002	0.147095	-0.101929	0.075989	-0.074158	0.067139	-0.051575	
9.55	0.087891	-0.064087	0.143433	-0.105591	0.079346	-0.073547	0.067139	-0.055847	
9.56	0.086670	-0.064697	0.143433	-0.103455	0.076294	-0.075073	0.066833	-0.056458	
9.57	0.093384	-0.065002	0.144348	-0.103455	0.074463	-0.072021	0.067444	-0.056152	
9.58	0.091248	-0.065918	0.145569	-0.104675	0.078735	-0.074158	0.066528	-0.054321	
9.59	0.092468	-0.065613	0.148315	-0.104065	0.075378	-0.075684	0.068359	-0.052490	
9.60	0.091248	-0.063477	0.144348	-0.105591	0.078430	-0.075989	0.066223	-0.053711	
9.61	0.093079	-0.063477	0.143127	-0.106812	0.075684	-0.072327	0.067139	-0.056458	
9.62	0.090942	-0.064392	0.146179	-0.106201	0.073547	-0.073547	0.069275	-0.054016	
9.63	0.089111	-0.064087	0.146484	-0.103455	0.075684	-0.074768	0.064087	-0.053406	
9.64	0.090942	-0.062256	0.144958	-0.104065	0.074463	-0.074768	0.067444	-0.052490	
9.65	0.086975	-0.066833	0.144348	-0.101624	0.076599	-0.076599	0.064697	-0.058594	
9.66	0.091553	-0.063477	0.149231	-0.104065	0.072021	-0.076294	0.066528	-0.052795	
9.67	0.093689	-0.069275	0.146484	-0.103149	0.076294	-0.074158	0.066833	-0.052795	
9.68	0.090027	-0.065613	0.144348	-0.103760	0.077820	-0.074768	0.067444	-0.054626	
9.69	0.091858	-0.061646	0.146179	-0.105591	0.072632	-0.073547	0.068359	-0.055542	
9.70	0.088806	-0.065918	0.147095	-0.101929	0.076599	-0.075378	0.066223	-0.056458	
9.71	0.093994	-0.064392	0.146179	-0.104065	0.079651	-0.074768	0.063171	-0.051880	
9.72	0.090027	-0.067139	0.144653	-0.104675	0.075073	-0.072327	0.067749	-0.053711	
9.73	0.089417	-0.063782	0.146179	-0.102539	0.076599	-0.074158	0.066833	-0.054321	
9.74	0.091553	-0.064392	0.144348	-0.104370	0.075684	-0.075378	0.065613	-0.051575	
9.75	0.090942	-0.065918	0.144348	-0.105591	0.075073	-0.074463	0.066223	-0.055542	
9.76	0.092773	-0.064697	0.144043	-0.104370	0.077820	-0.075073	0.067139	-0.051270	
9.77	0.089111	-0.067749	0.146484	-0.103455	0.078430	-0.076294	0.065308	-0.055847	
9.78	0.091248	-0.063782	0.144958	-0.104065	0.076599	-0.078125	0.066223	-0.054626	
9.79	0.091858	-0.068054	0.146790	-0.106201	0.075378	-0.075378	0.067139	-0.056152	
9.80	0.090942	-0.067444	0.144348	-0.106506	0.079346	-0.072937	0.068054	-0.052795	
9.81	0.088196	-0.068665	0.145569	-0.101013	0.075073	-0.078735	0.065918	-0.052795	
9.82	0.092773	-0.063171	0.144348	-0.105591	0.076904	-0.072937	0.068970	-0.054626	
9.83	0.090637	-0.065918	0.145874	-0.102844	0.075378	-0.072632	0.066833	-0.058594	
9.84	0.090942	-0.065918	0.144043	-0.103149	0.076599	-0.074158	0.066528	-0.054626	
9.85	0.090332	-0.065002	0.144348	-0.101624	0.077515	-0.075989	0.065002	-0.055237	
9.86	0.090027	-0.067444	0.144958	-0.102234	0.074768	-0.073853	0.066528	-0.055237	
9.87	0.090332	-0.063171	0.148621	-0.104675	0.072937	-0.074158	0.066223	-0.054321	
9.88	0.092773	-0.066528	0.145874	-0.104065	0.075378	-0.074463	0.067139	-0.053711	
9.89	0.091553	-0.063171	0.148010	-0.101624	0.077515	-0.075989	0.068359	-0.059509	
9.90	0.092468	-0.062561	0.145569	-0.107422	0.079346	-0.076599	0.067749	-0.055542	
9.91	0.089417	-0.065613	0.147705	-0.106812	0.074768	-0.074158	0.066833	-0.056152	
9.92	0.092163	-0.064697	0.146484	-0.105896	0.079956	-0.079041	0.065918	-0.055237	
9.93	0.087280	-0.065613	0.149231	-0.104980	0.073547	-0.075684	0.067749	-0.052490	
9.94	0.087280	-0.066833	0.144958	-0.104675	0.075378	-0.074158	0.066833	-0.055237	
9.95	0.091858	-0.065308	0.145874	-0.104065	0.078125	-0.075073	0.065308	-0.051880	
9.96	0.091553	-0.065308	0.147400	-0.105896	0.075073	-0.074463	0.067749	-0.055237	
9.97	0.090027	-0.065613	0.143738	-0.104675	0.077209	-0.075378	0.068054	-0.056763	
9.98	0.089722	-0.063477	0.145569	-0.103455	0.076599	-0.075989	0.066223	-0.051270	
9.99	0.093079	-0.064392	0.144653	-0.101929	0.076904	-0.072937	0.068665	-0.053406	
10.00	0.094604	-0.065918	0.143433	-0.103760	0.079041	-0.073547	0.068054	-0.056763	
10.01	0.090027	-0.062866	0.148010	-0.106506	0.076599	-0.075989	0.067444	-0.054321	
10.02	0.088196	-0.064392	0.144653	-0.105286	0.075073	-0.075684	0.068054	-0.054626	
10.03	0.092468	-0.064392	0.143433	-0.103760	0.076904	-0.073547	0.064087	-0.055237	
10.04	0.090637	-0.062561	0.147705	-0.102844	0.077515	-0.070801	0.065918	-0.055847	
10.05	0.090637	-0.065918	0.145569	-0.105286	0.075684	-0.072327	0.068054	-0.054626	
10.06	0.090332	-0.065308	0.142212	-0.103455	0.076904	-0.076294	0.066833	-0.057678	
10.07	0.090942	-0.064697	0.145569	-0.104065	0.077820	-0.073547	0.067139	-0.060120	
10.08	0.088196	-0.065002	0.147095	-0.103455	0.076294	-0.073242	0.065613	-0.052185	
10.09	0.089111	-0.065308	0.146790	-0.105896	0.074768	-0.074768	0.068359	-0.054321	
10.10	0.092163	-0.066833	0.148315	-0.100708	0.077209	-0.073242	0.065918	-0.057373	
10.11	0.092773	-0.063477	0.147400	-0.105591	0.076294	-0.074768	0.068359	-0.057068	
10.12	0.089111	-0.065308	0.149841	-0.102844	0.074158	-0.073242	0.063782	-0.052795	
10.13	0.090332	-0.062866	0.148926	-0.104675	0.075989	-0.076294	0.065918	-0.054321	
10.14	0.091553	-0.063171	0.144653	-0.102539	0.076904	-0.072327	0.065918	-0.053406	
10.15	0.087280	-0.061951	0.147400	-0.101624	0.074463	-0.075073	0.065918	-0.053101	
10.16	0.089111	-0.067139	0.144653	-0.105286	0.078125	-0.073547	0.069885	-0.054932	
10.17	0.089111	-0.062866	0.147705	-0.104370	0.076904	-0.075684	0.063782	-0.053101	
10.18	0.090332	-0.064392	0.146484	-0.107117	0.074768	-0.072937	0.066833	-0.051880	
10.19	0.090027	-0.065613	0.144043	-0.099487	0.075073	-0.077209	0.066223	-0.054932	
10.20	0.090027	-0.063171	0.146484	-0.102844	0.077515	-0.073547	0.065918	-0.052795	
10.21	0.092773	-0.063171	0.146179	-0.105286	0.075989	-0.074158	0.068054	-0.054016	
10.22	0.088196	-0.065918	0.144653	-0.104370	0.076294	-0.074768	0.066223	-0.050964	
10.23	0.090332	-0.065613	0.144043	-0.103760	0.075684	-0.076904	0.068665	-0.054016	
10.24	0.093384	-0.064697	0.143738	-0.104675	0.077515	-0.074463	0.067139	-0.056152	
10.25	0.090637	-0.061951	0.143433	-0.106201	0.075684	-0.074158	0.066528	-0.054321	
10.26	0.089111	-0.065613	0.144653	-0.101318	0.077209	-0.074768	0.065613	-0.055237	
10.27	0.090332	-0.064392	0.146179	-0.102844	0.078125	-0.076599	0.063477	-0.055237	
10.28	0.089111	-0.064697	0.142212	-0.107727	0.077209	-0.074768	0.065918	-0.057068	
10.29	0.089417	-0.061646	0.143738	-0.101013	0.079651	-0.073853	0.067749	-0.054016	
10.30	0.089417	-0.065918	0.142822	-0.102234	0.079651	-0.077209	0.067749	-0.055847	
10.31	0.089111	-0.065308	0.144653	-0.105591	0.078735	-0.078125	0.065308	-0.054626	
10.32	0.090332	-0.063782	0.142822	-0.106506	0.074463	-0.072632	0.069580	-0.053711	
10.33	0.089722	-0.065308	0.146484	-0.101929	0.074768	-0.075378	0.064697	-0.055542	
10.34	0.091248	-0.066528	0.148315	-0.101929	0.075989	-0.074158	0.067444	-0.053101	
10.35	0.093994	-0.063477	0.143433	-0.100098	0.076904	-0.073853	0.064697	-0.053406	
10.36	0.090027	-0.061646	0.144958	-0.105286	0.075378	-0.073242	0.067139	-0.054626	
10.37	0.089111	-0.067139	0.144348	-0.104980	0.075073	-0.071411	0.065002	-0.053406	
10.38	0.090027	-0.065308	0.147400	-0.104980	0.076904	-0.074158	0.065918	-0.052795	
10.39	0.089722	-0.062866	0.146484	-0.107117	0.073547	-0.072632	0.066223	-0.051575	
10.40	0.089417	-0.066223	0.149536	-0.104065	0.076294	-0.075073	0.066528	-0.055542	
10.41	0.089417	-0.066223	0.148621	-0.105896	0.075684	-0.074158	0.068359	-0.053101	
10.42	0.088196	-0.066223	0.148010	-0.103760	0.077820	-0.074463	0.064392	-0.057983	
10.43	0.092163	-0.066223	0.148010	-0.106506	0.077209	-0.073853	0.068359	-0.055542	
10.44	0.088501	-0.067749	0.146484	-0.101929	0.075378	-0.074463	0.068359	-0.054016	
10.45	0.090027	-0.067444	0.144653	-0.104675	0.075378	-0.072632	0.067139	-0.054321	
10.46	0.090942	-0.067139	0.147400	-0.104980	0.078125	-0.074158	0.063477	-0.054016	
10.47	0.090942	-0.066528	0.145569	-0.107117	0.079041	-0.075378	0.066223	-0.052490	
10.48	0.089417	-0.065918	0.146179	-0.103149	0.075684	-0.074768	0.070801	-0.053711	
10.49	0.093994	-0.066833	0.147705	-0.101929	0.074768	-0.075989	0.066833	-0.055237	
10.50	0.092773	-0.066833	0.143738	-0.102234	0.078430	-0.075378	0.068359	-0.055237	
10.51	0.089417	-0.066833	0.145569	-0.106812	0.077820	-0.074463	0.065613	-0.055237	
10.52	0.089111	-0.063171	0.146790	-0.102234	0.076599	-0.078125	0.067444	-0.054321	
10.53	0.091858	-0.063171	0.143127	-0.106201	0.079956	-0.070801	0.066528	-0.052490	
10.54	0.090027	-0.065918	0.146790	-0.106201	0.075684	-0.074463	0.065308	-0.055542	
10.55	0.092468	-0.060425	0.141296	-0.105286	0.074463	-0.076294	0.067749	-0.054016	
